1	100000	1	999	321	17	13
1	100000	2	303	612	70	18
1	100000	3	109	736	83	25
1	100000	4	38	789	107	44
1	100000	5	27	799	103	48
1	100000	6	19	839	131	59
1	100000	7	17	812	155	65
1	100000	8	8	805	142	86
1	100000	9	7	835	126	89
1	100000	10	3	814	150	99
1	100000	11	3	828	128	112
1	100000	12	2	833	138	104
1	100000	13	4	799	163	124
1	100000	14	2	837	147	119
1	100000	15	2	823	132	126
1	100000	16	3	841	139	118
1	100000	17	5	834	136	123
1	100000	18	0	848	158	137
1	100000	19	1	829	139	154
1	100000	20	0	838	130	143
1	100000	21	0	847	139	154
1	100000	22	1	843	131	155
1	100000	23	0	852	132	153
1	100000	24	2	828	116	168
1	100000	25	2	839	124	173
1	100000	26	0	821	132	167
1	100000	27	0	815	106	204
1	100000	28	0	829	116	185
1	100000	29	1	795	107	180
1	100000	30	1	819	118	178
1	100000	31	1	818	121	179
1	100000	32	1	798	112	199
1	100000	33	0	829	110	173
1	100000	34	0	832	96	209
1	100000	35	1	801	92	183
1	100000	36	0	799	106	204
1	100000	37	0	788	104	202
1	100000	38	0	783	84	204
1	100000	39	0	781	102	211
1	100000	40	0	776	105	209
1	100000	41	0	758	92	238
1	100000	42	0	767	107	196
1	100000	43	1	766	90	215
1	100000	44	0	774	90	215
1	100000	45	0	783	87	205
1	100000	46	1	742	100	235
1	100000	47	0	768	80	209
1	100000	48	0	748	106	216
1	100000	49	0	755	84	187
1	100000	50	0	776	88	205
1	110000	1	94	37	0	0
1	110000	2	49	58	6	7
1	110000	3	11	100	11	7
1	110000	4	2	117	14	8
1	110000	5	1	126	16	8
1	110000	6	1	121	19	11
1	110000	7	2	123	15	10
1	110000	8	0	121	20	8
1	110000	9	1	133	15	7
1	110000	10	0	126	18	8
1	110000	11	1	122	19	10
1	110000	12	1	123	21	9
1	110000	13	0	127	11	15
1	110000	14	0	133	8	19
1	110000	15	0	131	13	16
1	110000	16	1	119	16	16
1	110000	17	0	132	14	9
1	110000	18	0	133	10	14
1	110000	19	0	128	9	15
1	110000	20	0	135	7	15
1	110000	21	1	129	6	20
1	110000	22	0	123	12	14
1	110000	23	0	127	8	20
1	110000	24	1	122	11	20
1	110000	25	0	129	10	17
1	110000	26	0	118	11	23
1	110000	27	0	130	9	16
1	110000	28	0	116	9	25
1	110000	29	0	120	9	25
1	110000	30	0	114	11	25
1	110000	31	0	119	6	15
1	110000	32	0	121	8	20
1	110000	33	0	125	7	17
1	110000	34	0	122	8	18
1	110000	35	0	125	5	19
1	110000	36	0	120	6	23
1	110000	37	0	117	5	25
1	110000	38	0	120	6	22
1	110000	39	0	113	10	25
1	110000	40	0	120	5	18
1	110000	41	0	118	8	22
1	110000	42	0	118	9	18
1	110000	43	0	122	9	17
1	110000	44	0	104	7	29
1	110000	45	0	113	5	21
1	110000	46	0	116	5	20
1	110000	47	0	117	5	22
1	110000	48	0	107	9	28
1	110000	49	0	112	6	21
1	110000	50	0	113	5	23
1	120000	1	438	141	4	4
1	120000	2	87	310	14	11
1	120000	3	40	320	27	11
1	120000	4	23	355	37	9
1	120000	5	12	368	42	22
1	120000	6	6	361	61	17
1	120000	7	5	367	71	22
1	120000	8	4	350	63	29
1	120000	9	4	378	54	36
1	120000	10	0	370	68	30
1	120000	11	2	379	65	34
1	120000	12	1	369	68	39
1	120000	13	0	372	69	37
1	120000	14	0	400	61	39
1	120000	15	1	392	58	36
1	120000	16	1	375	59	54
1	120000	17	0	389	67	49
1	120000	18	1	371	64	59
1	120000	19	0	383	70	58
1	120000	20	1	378	76	62
1	120000	21	0	385	66	61
1	120000	22	0	388	61	65
1	120000	23	0	369	67	80
1	120000	24	0	376	58	73
1	120000	25	0	382	59	73
1	120000	26	0	375	50	73
1	120000	27	0	381	61	72
1	120000	28	1	379	45	83
1	120000	29	0	372	50	69
1	120000	30	0	374	52	77
1	120000	31	0	368	46	88
1	120000	32	0	361	58	80
1	120000	33	0	357	53	94
1	120000	34	0	366	50	76
1	120000	35	0	362	48	89
1	120000	36	0	370	55	90
1	120000	37	0	359	50	89
1	120000	38	0	363	48	87
1	120000	39	0	364	56	78
1	120000	40	0	355	48	87
1	120000	41	0	347	54	86
1	120000	42	0	354	38	83
1	120000	43	0	354	55	90
1	120000	44	0	344	53	99
1	120000	45	0	367	49	79
1	120000	46	0	343	52	89
1	120000	47	0	333	38	106
1	120000	48	0	329	40	101
1	120000	49	0	321	55	113
1	120000	50	0	342	33	97
1	130000	1	423	106	0	1
1	130000	2	77	276	0	2
1	130000	3	26	325	1	3
1	130000	4	19	363	4	4
1	130000	5	12	385	4	4
1	130000	6	4	372	6	6
1	130000	7	1	370	8	5
1	130000	8	2	370	17	8
1	130000	9	3	378	9	12
1	130000	10	1	383	11	12
1	130000	11	1	388	18	9
1	130000	12	0	390	15	10
1	130000	13	1	386	21	14
1	130000	14	0	422	19	13
1	130000	15	0	400	16	18
1	130000	16	0	415	18	15
1	130000	17	0	420	21	16
1	130000	18	0	419	23	20
1	130000	19	0	431	15	18
1	130000	20	0	431	25	17
1	130000	21	0	422	25	23
1	130000	22	0	430	19	11
1	130000	23	0	426	21	21
1	130000	24	0	414	19	28
1	130000	25	0	425	29	33
1	130000	26	0	446	18	32
1	130000	27	0	439	22	27
1	130000	28	0	412	24	42
1	130000	29	0	442	24	27
1	130000	30	0	436	25	32
1	130000	31	1	443	27	25
1	130000	32	0	442	23	32
1	130000	33	0	423	22	30
1	130000	34	0	437	22	33
1	130000	35	0	432	27	33
1	130000	36	0	416	30	46
1	130000	37	0	444	21	30
1	130000	38	0	437	22	45
1	130000	39	0	444	16	33
1	130000	40	0	425	27	37
1	130000	41	0	428	24	41
1	130000	42	0	446	23	32
1	130000	43	0	426	20	35
1	130000	44	0	416	22	42
1	130000	45	0	438	29	41
1	130000	46	0	410	23	42
1	130000	47	0	443	12	46
1	130000	48	0	433	15	48
1	130000	49	0	434	17	48
1	130000	50	0	427	21	41
1	140000	1	370	173	0	3
1	140000	2	82	344	2	5
1	140000	3	57	382	2	4
1	140000	4	27	414	7	4
1	140000	5	12	436	9	7
1	140000	6	7	450	4	7
1	140000	7	8	414	4	11
1	140000	8	4	450	12	10
1	140000	9	4	447	9	10
1	140000	10	2	440	10	11
1	140000	11	2	434	11	19
1	140000	12	0	456	13	12
1	140000	13	0	436	9	24
1	140000	14	1	439	6	17
1	140000	15	0	443	6	19
1	140000	16	1	451	10	19
1	140000	17	2	429	11	30
1	140000	18	0	424	14	30
1	140000	19	0	459	8	26
1	140000	20	0	442	19	19
1	140000	21	0	448	5	25
1	140000	22	0	465	15	13
1	140000	23	0	436	17	31
1	140000	24	0	437	21	31
1	140000	25	0	442	18	27
1	140000	26	2	439	10	30
1	140000	27	0	442	14	30
1	140000	28	1	436	11	34
1	140000	29	0	436	16	29
1	140000	30	0	425	18	35
1	140000	31	0	445	9	32
1	140000	32	0	432	19	34
1	140000	33	1	412	17	45
1	140000	34	0	437	12	28
1	140000	35	0	428	11	39
1	140000	36	0	430	18	27
1	140000	37	0	434	13	33
1	140000	38	0	425	15	51
1	140000	39	0	425	10	35
1	140000	40	0	418	15	33
1	140000	41	0	410	17	33
1	140000	42	0	408	13	37
1	140000	43	0	395	16	52
1	140000	44	0	409	20	34
1	140000	45	0	388	16	48
1	140000	46	0	392	18	36
1	140000	47	1	397	16	41
1	140000	48	0	411	9	37
1	140000	49	0	406	14	35
1	140000	50	0	392	8	58
1	150000	1	474	155	1	4
1	150000	2	78	355	6	5
1	150000	3	43	383	8	5
1	150000	4	25	390	15	7
1	150000	5	8	411	20	12
1	150000	6	9	390	29	14
1	150000	7	3	425	29	18
1	150000	8	1	424	39	28
1	150000	9	1	443	36	21
1	150000	10	1	434	36	24
1	150000	11	1	457	30	33
1	150000	12	1	435	38	42
1	150000	13	2	426	47	40
1	150000	14	1	433	45	46
1	150000	15	0	449	48	39
1	150000	16	0	444	51	40
1	150000	17	0	450	54	40
1	150000	18	0	444	52	55
1	150000	19	0	446	48	40
1	150000	20	1	439	48	54
1	150000	21	0	438	55	50
1	150000	22	0	448	43	63
1	150000	23	0	456	41	55
1	150000	24	0	432	58	54
1	150000	25	0	464	56	47
1	150000	26	0	444	55	58
1	150000	27	0	440	44	72
1	150000	28	0	417	52	75
1	150000	29	2	444	44	56
1	150000	30	0	428	46	80
1	150000	31	0	431	50	56
1	150000	32	0	421	47	68
1	150000	33	1	424	47	69
1	150000	34	0	445	38	65
1	150000	35	1	423	43	67
1	150000	36	1	432	44	74
1	150000	37	0	400	49	83
1	150000	38	0	406	45	75
1	150000	39	0	420	44	72
1	150000	40	0	426	47	61
1	150000	41	0	419	38	77
1	150000	42	0	417	44	76
1	150000	43	0	418	44	68
1	150000	44	0	398	53	82
1	150000	45	0	409	48	59
1	150000	46	0	418	35	75
1	150000	47	0	404	40	70
1	150000	48	0	406	35	71
1	150000	49	0	409	42	72
1	150000	50	0	409	40	72
1	160000	1	170	65	0	0
1	160000	2	63	121	0	2
1	160000	3	36	157	1	3
1	160000	4	24	195	0	2
1	160000	5	4	207	0	1
1	160000	6	10	215	1	0
1	160000	7	5	213	4	5
1	160000	8	6	216	8	5
1	160000	9	1	224	2	4
1	160000	10	3	229	7	5
1	160000	11	2	237	10	6
1	160000	12	0	256	3	7
1	160000	13	0	248	8	10
1	160000	14	0	247	7	7
1	160000	15	2	264	6	9
1	160000	16	1	264	13	7
1	160000	17	0	264	10	7
1	160000	18	1	277	6	7
1	160000	19	2	257	15	15
1	160000	20	1	263	15	11
1	160000	21	1	266	8	14
1	160000	22	0	260	13	16
1	160000	23	0	277	11	14
1	160000	24	0	253	25	17
1	160000	25	0	272	20	12
1	160000	26	0	258	18	17
1	160000	27	0	273	16	13
1	160000	28	0	273	14	17
1	160000	29	0	272	14	11
1	160000	30	0	267	13	19
1	160000	31	0	274	20	14
1	160000	32	0	264	15	22
1	160000	33	0	271	18	18
1	160000	34	0	277	15	17
1	160000	35	0	268	17	21
1	160000	36	0	280	17	11
1	160000	37	0	271	22	19
1	160000	38	0	276	10	24
1	160000	39	0	272	18	18
1	160000	40	0	284	18	14
1	160000	41	0	262	21	28
1	160000	42	0	277	13	21
1	160000	43	0	287	20	16
1	160000	44	0	276	14	26
1	160000	45	0	270	10	28
1	160000	46	0	260	15	29
1	160000	47	0	264	20	34
1	160000	48	0	259	11	36
1	160000	49	1	270	19	14
1	160000	50	0	262	18	21
1	170000	1	404	209	4	1
1	170000	2	112	352	14	1
1	170000	3	65	418	11	2
1	170000	4	34	419	17	4
1	170000	5	14	457	18	4
1	170000	6	11	458	20	9
1	170000	7	13	450	22	11
1	170000	8	7	448	32	13
1	170000	9	3	450	41	14
1	170000	10	0	461	32	11
1	170000	11	3	482	34	19
1	170000	12	3	496	26	14
1	170000	13	2	494	31	16
1	170000	14	2	495	24	21
1	170000	15	1	478	41	22
1	170000	16	2	493	33	26
1	170000	17	3	488	32	31
1	170000	18	2	491	30	21
1	170000	19	1	485	27	36
1	170000	20	0	505	29	30
1	170000	21	0	494	41	31
1	170000	22	1	517	24	43
1	170000	23	0	510	34	32
1	170000	24	0	507	31	36
1	170000	25	0	499	38	30
1	170000	26	0	514	28	38
1	170000	27	1	509	29	39
1	170000	28	0	504	26	47
1	170000	29	0	500	34	49
1	170000	30	0	528	23	38
1	170000	31	0	489	37	48
1	170000	32	0	518	26	51
1	170000	33	0	518	37	43
1	170000	34	0	505	33	50
1	170000	35	0	510	30	52
1	170000	36	0	497	39	63
1	170000	37	0	497	36	59
1	170000	38	0	474	41	73
1	170000	39	1	502	34	55
1	170000	40	0	494	35	66
1	170000	41	0	496	26	72
1	170000	42	1	497	32	56
1	170000	43	0	502	29	56
1	170000	44	0	501	35	61
1	170000	45	1	512	25	67
1	170000	46	1	511	31	58
1	170000	47	0	489	22	74
1	170000	48	0	483	23	77
1	170000	49	0	479	34	76
1	170000	50	0	484	39	64
1	180000	1	356	152	2	1
1	180000	2	98	284	7	5
1	180000	3	48	324	7	7
1	180000	4	35	330	10	11
1	180000	5	12	349	11	16
1	180000	6	12	369	21	27
1	180000	7	6	387	14	19
1	180000	8	11	393	12	23
1	180000	9	3	392	19	31
1	180000	10	1	407	17	23
1	180000	11	3	417	23	22
1	180000	12	3	420	19	34
1	180000	13	4	422	24	34
1	180000	14	1	431	22	27
1	180000	15	1	418	30	30
1	180000	16	2	419	22	34
1	180000	17	0	450	21	30
1	180000	18	2	434	24	32
1	180000	19	1	432	25	31
1	180000	20	0	416	20	42
1	180000	21	0	405	24	48
1	180000	22	3	437	31	36
1	180000	23	2	418	21	43
1	180000	24	0	424	25	56
1	180000	25	0	439	17	52
1	180000	26	0	440	24	47
1	180000	27	0	438	29	51
1	180000	28	1	439	21	48
1	180000	29	0	426	16	54
1	180000	30	0	430	30	51
1	180000	31	0	449	23	42
1	180000	32	0	441	15	64
1	180000	33	0	442	26	50
1	180000	34	1	426	28	68
1	180000	35	0	426	27	60
1	180000	36	1	430	28	54
1	180000	37	0	421	26	63
1	180000	38	0	422	25	60
1	180000	39	1	431	22	71
1	180000	40	0	433	23	61
1	180000	41	0	426	20	58
1	180000	42	0	411	22	76
1	180000	43	0	412	28	69
1	180000	44	0	411	23	66
1	180000	45	0	411	25	77
1	180000	46	0	418	18	83
1	180000	47	0	417	20	74
1	180000	48	0	423	14	64
1	180000	49	0	414	23	63
1	180000	50	0	413	24	70
1	190000	1	460	140	1	6
1	190000	2	98	312	9	6
1	190000	3	30	367	29	4
1	190000	4	12	393	34	14
1	190000	5	6	404	28	23
1	190000	6	8	411	32	20
1	190000	7	4	398	35	25
1	190000	8	1	405	41	22
1	190000	9	1	383	48	26
1	190000	10	0	391	39	24
1	190000	11	1	383	41	29
1	190000	12	1	396	28	30
1	190000	13	1	388	46	28
1	190000	14	2	399	31	35
1	190000	15	1	397	36	24
1	190000	16	1	389	37	30
1	190000	17	1	381	54	40
1	190000	18	1	390	43	42
1	190000	19	0	380	41	46
1	190000	20	0	392	43	43
1	190000	21	0	392	34	53
1	190000	22	1	420	32	42
1	190000	23	0	408	43	42
1	190000	24	0	378	50	48
1	190000	25	0	391	45	55
1	190000	26	0	390	50	43
1	190000	27	0	376	42	61
1	190000	28	2	383	50	64
1	190000	29	0	418	30	48
1	190000	30	0	388	41	71
1	190000	31	0	379	52	56
1	190000	32	0	380	60	56
1	190000	33	0	367	48	61
1	190000	34	1	376	47	68
1	190000	35	1	388	37	61
1	190000	36	0	387	31	59
1	190000	37	0	376	51	49
1	190000	38	0	384	42	63
1	190000	39	0	361	55	62
1	190000	40	0	364	45	63
1	190000	41	0	363	43	66
1	190000	42	0	369	39	53
1	190000	43	0	362	42	69
1	190000	44	0	378	39	55
1	190000	45	0	357	44	64
1	190000	46	0	349	42	68
1	190000	47	0	354	52	66
1	190000	48	0	342	37	76
1	190000	49	0	349	48	58
1	190000	50	0	339	54	68
1	200000	1	14	13	0	1
1	200000	2	0	26	0	2
1	200000	3	0	27	0	0
1	200000	4	2	25	0	1
1	200000	5	0	25	1	1
1	200000	6	0	26	1	1
1	200000	7	1	24	0	2
1	200000	8	0	24	0	2
1	200000	9	0	24	1	2
1	200000	10	0	26	0	1
1	200000	11	1	26	0	0
1	200000	12	0	27	0	0
1	200000	13	0	24	0	3
1	200000	14	0	24	1	1
1	200000	15	0	24	2	0
1	200000	16	0	21	0	5
1	200000	17	0	26	0	0
1	200000	18	0	20	0	5
1	200000	19	0	23	0	3
1	200000	20	0	22	1	2
1	200000	21	0	23	1	1
1	200000	22	0	23	1	0
1	200000	23	0	23	1	0
1	200000	24	0	22	1	0
1	200000	25	0	21	1	1
1	200000	26	0	22	1	0
1	200000	27	0	21	2	0
1	200000	28	0	21	1	1
1	200000	29	0	22	0	1
1	200000	30	0	19	1	2
1	200000	31	0	22	0	1
1	200000	32	0	21	0	1
1	200000	33	0	21	1	0
1	200000	34	0	19	0	3
1	200000	35	0	22	0	0
1	200000	36	0	18	1	2
1	200000	37	0	20	0	1
1	200000	38	1	20	0	0
1	200000	39	0	20	0	1
1	200000	40	0	20	0	1
1	200000	41	0	19	1	1
1	200000	42	0	20	1	0
1	200000	43	0	20	0	1
1	200000	44	0	17	2	2
1	200000	45	0	20	0	1
1	200000	46	0	19	0	2
1	200000	47	0	20	0	1
1	200000	48	0	17	2	2
1	200000	49	0	18	2	1
1	200000	50	0	20	0	1
1	210000	1	455	180	5	5
1	210000	2	123	321	25	11
1	210000	3	22	377	44	21
1	210000	4	14	394	43	18
1	210000	5	7	391	49	29
1	210000	6	0	406	46	32
1	210000	7	5	409	52	36
1	210000	8	4	393	54	43
1	210000	9	4	427	45	46
1	210000	10	9	413	45	46
1	210000	11	3	432	57	43
1	210000	12	1	447	46	50
1	210000	13	3	428	61	47
1	210000	14	0	428	56	48
1	210000	15	1	417	54	56
1	210000	16	1	422	44	60
1	210000	17	2	447	51	52
1	210000	18	2	440	50	51
1	210000	19	0	442	42	58
1	210000	20	0	432	53	60
1	210000	21	1	422	53	70
1	210000	22	2	417	52	61
1	210000	23	0	413	58	71
1	210000	24	1	430	44	70
1	210000	25	2	407	43	69
1	210000	26	0	405	42	76
1	210000	27	0	400	55	79
1	210000	28	0	405	54	64
1	210000	29	0	392	44	81
1	210000	30	1	391	47	71
1	210000	31	1	388	37	88
1	210000	32	0	375	57	75
1	210000	33	0	377	51	84
1	210000	34	0	381	41	82
1	210000	35	0	376	40	82
1	210000	36	0	391	37	67
1	210000	37	0	367	44	73
1	210000	38	0	381	46	68
1	210000	39	0	362	45	77
1	210000	40	0	352	42	83
1	210000	41	0	340	31	94
1	210000	42	0	359	32	79
1	210000	43	0	351	33	79
1	210000	44	0	332	46	80
1	210000	45	0	337	38	82
1	210000	46	0	328	39	87
1	210000	47	0	338	30	77
1	210000	48	0	326	31	81
1	210000	49	0	324	33	82
1	210000	50	0	310	47	79
1	220000	1	271	84	0	1
1	220000	2	48	242	2	1
1	220000	3	16	253	6	2
1	220000	4	13	253	9	3
1	220000	5	7	273	12	9
1	220000	6	4	258	20	6
1	220000	7	2	266	18	7
1	220000	8	1	271	21	10
1	220000	9	2	262	17	10
1	220000	10	0	264	23	13
1	220000	11	0	252	30	23
1	220000	12	0	275	24	15
1	220000	13	0	277	23	14
1	220000	14	1	276	23	18
1	220000	15	0	274	33	13
1	220000	16	2	272	29	18
1	220000	17	0	266	30	24
1	220000	18	0	266	26	25
1	220000	19	0	268	36	29
1	220000	20	0	269	27	21
1	220000	21	0	259	32	28
1	220000	22	0	281	20	29
1	220000	23	0	260	29	32
1	220000	24	1	263	31	24
1	220000	25	0	279	22	18
1	220000	26	0	257	30	35
1	220000	27	0	249	33	39
1	220000	28	0	248	34	26
1	220000	29	0	248	27	39
1	220000	30	0	246	29	27
1	220000	31	0	258	27	29
1	220000	32	0	249	31	34
1	220000	33	0	249	30	32
1	220000	34	0	242	26	40
1	220000	35	0	249	27	38
1	220000	36	0	239	36	41
1	220000	37	0	233	38	38
1	220000	38	0	241	33	37
1	220000	39	0	241	29	39
1	220000	40	0	227	35	43
1	220000	41	0	243	27	40
1	220000	42	0	236	38	36
1	220000	43	0	247	18	40
1	220000	44	0	242	23	42
1	220000	45	0	232	18	51
1	220000	46	0	240	27	37
1	220000	47	0	214	37	51
1	220000	48	0	225	28	48
1	220000	49	0	225	30	45
1	220000	50	0	222	30	54
1	230000	1	141	126	2	8
1	230000	2	51	170	3	7
1	230000	3	23	196	6	10
1	230000	4	11	213	5	12
1	230000	5	12	226	3	8
1	230000	6	4	237	5	11
1	230000	7	4	236	8	9
1	230000	8	8	242	6	19
1	230000	9	5	226	9	24
1	230000	10	0	253	7	21
1	230000	11	4	237	13	18
1	230000	12	2	243	9	20
1	230000	13	1	253	11	20
1	230000	14	1	242	14	20
1	230000	15	0	232	14	23
1	230000	16	1	241	9	29
1	230000	17	2	241	13	26
1	230000	18	1	238	12	27
1	230000	19	1	237	14	25
1	230000	20	1	228	14	32
1	230000	21	1	230	11	27
1	230000	22	0	229	14	29
1	230000	23	0	222	19	32
1	230000	24	1	227	15	28
1	230000	25	2	224	20	21
1	230000	26	0	217	16	32
1	230000	27	0	219	8	32
1	230000	28	1	210	12	40
1	230000	29	0	218	16	31
1	230000	30	1	218	9	29
1	230000	31	0	204	15	34
1	230000	32	0	215	13	33
1	230000	33	1	197	23	36
1	230000	34	0	193	11	51
1	230000	35	1	197	12	43
1	230000	36	1	192	17	46
1	230000	37	0	194	15	36
1	230000	38	0	191	16	42
1	230000	39	0	187	17	41
1	230000	40	0	191	13	44
1	230000	41	0	186	18	45
1	230000	42	2	180	20	45
1	230000	43	0	181	16	45
1	230000	44	0	188	12	38
1	230000	45	0	179	10	48
1	230000	46	0	169	19	47
1	230000	47	0	162	20	48
1	230000	48	0	180	16	40
1	230000	49	0	172	13	49
1	230000	50	0	174	10	46
1	240000	1	236	92	1	3
1	240000	2	69	189	3	2
1	240000	3	28	235	2	4
1	240000	4	16	245	9	6
1	240000	5	7	258	6	1
1	240000	6	9	273	11	7
1	240000	7	5	293	7	8
1	240000	8	1	292	11	5
1	240000	9	3	286	16	11
1	240000	10	3	294	16	10
1	240000	11	2	305	13	10
1	240000	12	2	302	20	11
1	240000	13	1	291	26	13
1	240000	14	1	308	19	16
1	240000	15	1	302	30	22
1	240000	16	3	303	25	18
1	240000	17	0	298	22	21
1	240000	18	2	300	20	27
1	240000	19	0	301	25	28
1	240000	20	1	302	22	28
1	240000	21	1	302	20	22
1	240000	22	3	310	24	18
1	240000	23	0	299	28	27
1	240000	24	0	297	29	26
1	240000	25	1	297	24	29
1	240000	26	0	292	23	39
1	240000	27	0	298	30	28
1	240000	28	1	315	16	39
1	240000	29	0	290	29	42
1	240000	30	1	288	32	46
1	240000	31	0	301	14	42
1	240000	32	0	289	24	36
1	240000	33	0	292	23	45
1	240000	34	0	286	23	47
1	240000	35	0	291	23	39
1	240000	36	0	294	20	46
1	240000	37	0	290	17	42
1	240000	38	0	277	29	41
1	240000	39	0	274	29	54
1	240000	40	0	272	23	42
1	240000	41	0	280	23	43
1	240000	42	0	273	13	48
1	240000	43	0	259	30	48
1	240000	44	0	277	21	48
1	240000	45	0	269	20	51
1	240000	46	0	265	23	51
1	240000	47	0	253	19	61
1	240000	48	1	259	22	55
1	240000	49	0	254	22	57
1	240000	50	0	265	15	54
1	250000	1	137	33	1	0
1	250000	2	27	93	1	1
1	250000	3	9	118	5	0
1	250000	4	1	135	8	3
1	250000	5	4	134	11	2
1	250000	6	1	142	14	3
1	250000	7	1	150	9	2
1	250000	8	0	141	13	4
1	250000	9	0	152	12	9
1	250000	10	1	148	13	6
1	250000	11	0	148	13	9
1	250000	12	0	159	9	2
1	250000	13	0	142	16	7
1	250000	14	0	139	14	11
1	250000	15	0	146	10	10
1	250000	16	0	149	16	3
1	250000	17	0	145	9	13
1	250000	18	0	137	22	14
1	250000	19	0	151	11	11
1	250000	20	0	137	17	9
1	250000	21	0	147	9	9
1	250000	22	0	145	18	12
1	250000	23	0	140	16	9
1	250000	24	0	159	8	10
1	250000	25	0	146	16	13
1	250000	26	0	144	12	15
1	250000	27	0	149	8	13
1	250000	28	0	145	12	15
1	250000	29	0	144	15	11
1	250000	30	0	148	8	15
1	250000	31	0	142	10	17
1	250000	32	0	138	15	23
1	250000	33	0	143	7	17
1	250000	34	0	146	12	17
1	250000	35	0	144	12	14
1	250000	36	0	144	11	15
1	250000	37	0	138	10	20
1	250000	38	0	141	9	19
1	250000	39	0	145	11	16
1	250000	40	0	142	13	18
1	250000	41	1	144	8	16
1	250000	42	0	138	12	21
1	250000	43	0	140	12	18
1	250000	44	0	146	9	15
1	250000	45	0	144	5	18
1	250000	46	0	149	8	14
1	250000	47	0	129	9	26
1	250000	48	0	124	9	29
1	250000	49	0	128	12	22
1	250000	50	0	134	13	18
1	260000	1	232	97	5	1
1	260000	2	39	200	17	6
1	260000	3	25	234	21	12
1	260000	4	8	247	19	13
1	260000	5	7	238	27	18
1	260000	6	7	241	26	15
1	260000	7	1	248	23	23
1	260000	8	4	230	23	22
1	260000	9	1	245	28	23
1	260000	10	1	256	19	22
1	260000	11	1	249	19	26
1	260000	12	0	255	31	22
1	260000	13	1	245	25	28
1	260000	14	0	252	27	32
1	260000	15	1	252	28	30
1	260000	16	1	252	18	30
1	260000	17	0	247	23	26
1	260000	18	0	262	17	29
1	260000	19	0	250	26	31
1	260000	20	1	249	21	35
1	260000	21	0	241	24	38
1	260000	22	0	231	27	33
1	260000	23	0	227	27	35
1	260000	24	0	234	26	31
1	260000	25	0	230	21	31
1	260000	26	0	218	14	36
1	260000	27	0	212	22	46
1	260000	28	0	225	18	33
1	260000	29	0	223	16	35
1	260000	30	0	213	24	42
1	260000	31	0	209	19	41
1	260000	32	0	198	24	45
1	260000	33	1	215	12	37
1	260000	34	0	199	25	46
1	260000	35	0	189	20	54
1	260000	36	0	211	16	31
1	260000	37	0	200	24	45
1	260000	38	0	204	16	37
1	260000	39	0	191	20	43
1	260000	40	0	194	21	39
1	260000	41	0	195	13	46
1	260000	42	0	189	20	45
1	260000	43	0	184	15	46
1	260000	44	0	199	14	37
1	260000	45	0	185	11	51
1	260000	46	0	179	15	53
1	260000	47	0	171	19	44
1	260000	48	0	188	11	38
1	260000	49	0	183	17	35
1	260000	50	0	175	16	46
1	270000	1	47	10	0	0
1	270000	2	6	44	1	1
1	270000	3	2	38	1	1
1	270000	4	0	38	5	1
1	270000	5	0	46	2	0
1	270000	6	0	44	4	0
1	270000	7	0	47	5	0
1	270000	8	1	51	1	0
1	270000	9	0	51	2	0
1	270000	10	0	48	6	0
1	270000	11	0	49	3	1
1	270000	12	0	46	4	3
1	270000	13	0	51	3	1
1	270000	14	0	46	6	0
1	270000	15	0	46	5	1
1	270000	16	0	51	5	0
1	270000	17	0	53	0	1
1	270000	18	0	50	3	2
1	270000	19	0	47	6	1
1	270000	20	0	52	2	2
1	270000	21	0	51	3	0
1	270000	22	0	50	2	1
1	270000	23	0	47	4	2
1	270000	24	0	52	3	1
1	270000	25	0	47	7	2
1	270000	26	0	53	1	1
1	270000	27	0	51	4	0
1	270000	28	0	50	4	2
1	270000	29	0	51	3	0
1	270000	30	0	50	3	2
1	270000	31	0	50	2	4
1	270000	32	0	50	4	1
1	270000	33	0	47	5	2
1	270000	34	0	49	6	1
1	270000	35	0	50	5	1
1	270000	36	0	50	4	1
1	270000	37	0	50	2	1
1	270000	38	0	49	5	2
1	270000	39	0	52	1	2
1	270000	40	0	54	2	0
1	270000	41	0	51	2	3
1	270000	42	0	53	1	2
1	270000	43	0	50	2	4
1	270000	44	0	50	2	4
1	270000	45	0	52	1	3
1	270000	46	0	52	3	0
1	270000	47	0	48	3	5
1	270000	48	0	49	3	4
1	270000	49	0	49	3	2
1	270000	50	0	50	2	1
1	280000	1	89	15	0	0
1	280000	2	14	40	0	0
1	280000	3	4	72	0	0
1	280000	4	0	82	0	0
1	280000	5	1	81	2	1
1	280000	6	0	97	0	1
1	280000	7	0	85	5	1
1	280000	8	0	92	3	1
1	280000	9	2	87	4	1
1	280000	10	0	91	3	0
1	280000	11	0	101	1	0
1	280000	12	0	100	3	0
1	280000	13	0	100	3	3
1	280000	14	0	96	3	1
1	280000	15	0	100	2	1
1	280000	16	0	100	4	0
1	280000	17	0	99	3	1
1	280000	18	0	104	1	3
1	280000	19	0	95	4	2
1	280000	20	0	94	5	4
1	280000	21	0	102	5	3
1	280000	22	0	102	1	4
1	280000	23	0	103	4	3
1	280000	24	1	99	4	4
1	280000	25	0	92	8	6
1	280000	26	0	99	4	5
1	280000	27	1	103	1	2
1	280000	28	0	97	5	3
1	280000	29	0	99	3	4
1	280000	30	0	96	7	5
1	280000	31	0	95	3	10
1	280000	32	0	101	5	3
1	280000	33	0	100	3	6
1	280000	34	0	101	4	5
1	280000	35	0	96	5	5
1	280000	36	0	100	1	6
1	280000	37	0	98	6	4
1	280000	38	0	97	2	8
1	280000	39	0	93	5	7
1	280000	40	0	95	5	8
1	280000	41	0	91	3	14
1	280000	42	0	92	9	8
1	280000	43	0	97	1	10
1	280000	44	0	99	7	5
1	280000	45	0	97	6	7
1	280000	46	0	98	3	7
1	280000	47	0	96	6	8
1	280000	48	0	94	5	9
1	280000	49	0	93	4	9
1	280000	50	0	99	3	9
1	290000	1	219	30	0	0
1	290000	2	36	93	2	0
1	290000	3	5	140	2	0
1	290000	4	4	155	8	1
1	290000	5	2	153	8	0
1	290000	6	0	144	10	1
1	290000	7	0	170	8	1
1	290000	8	0	172	12	5
1	290000	9	0	200	12	3
1	290000	10	0	186	14	3
1	290000	11	0	197	15	4
1	290000	12	0	182	19	6
1	290000	13	0	184	19	8
1	290000	14	0	194	14	5
1	290000	15	0	194	22	7
1	290000	16	0	200	20	7
1	290000	17	0	192	14	11
1	290000	18	0	207	13	5
1	290000	19	0	188	23	9
1	290000	20	0	198	18	12
1	290000	21	0	210	15	7
1	290000	22	0	205	19	15
1	290000	23	0	197	20	13
1	290000	24	0	199	21	10
1	290000	25	0	191	22	11
1	290000	26	0	192	14	19
1	290000	27	0	192	16	17
1	290000	28	0	200	18	16
1	290000	29	0	205	20	9
1	290000	30	0	202	15	16
1	290000	31	0	203	20	13
1	290000	32	0	196	24	20
1	290000	33	0	189	27	17
1	290000	34	0	194	16	16
1	290000	35	0	198	22	17
1	290000	36	0	210	16	13
1	290000	37	0	205	16	21
1	290000	38	0	202	17	17
1	290000	39	0	209	10	16
1	290000	40	0	202	21	18
1	290000	41	0	187	24	22
1	290000	42	0	196	23	24
1	290000	43	0	202	15	17
1	290000	44	0	204	11	24
1	290000	45	0	195	17	25
1	290000	46	0	192	19	29
1	290000	47	0	202	15	25
1	290000	48	0	201	12	25
1	290000	49	0	200	13	20
1	290000	50	0	191	23	30
1	300000	1	654	201	9	8
1	300000	2	129	379	20	17
1	300000	3	43	474	34	23
1	300000	4	28	549	52	29
1	300000	5	7	565	38	35
1	300000	6	14	558	63	45
1	300000	7	5	567	64	50
1	300000	8	7	606	47	39
1	300000	9	3	580	63	54
1	300000	10	4	584	62	63
1	300000	11	4	568	66	70
1	300000	12	1	578	74	63
1	300000	13	3	602	62	58
1	300000	14	1	613	63	75
1	300000	15	1	602	77	70
1	300000	16	3	573	59	87
1	300000	17	0	566	79	74
1	300000	18	1	570	61	71
1	300000	19	0	572	55	80
1	300000	20	2	579	56	70
1	300000	21	0	554	67	87
1	300000	22	3	554	58	84
1	300000	23	0	541	70	84
1	300000	24	1	552	71	74
1	300000	25	1	531	63	101
1	300000	26	0	545	59	75
1	300000	27	1	497	51	102
1	300000	28	0	509	74	85
1	300000	29	0	506	61	96
1	300000	30	0	504	61	93
1	300000	31	0	501	52	101
1	300000	32	0	491	56	94
1	300000	33	0	476	57	103
1	300000	34	0	482	67	93
1	300000	35	0	479	70	89
1	300000	36	0	478	64	97
1	300000	37	0	469	47	98
1	300000	38	0	438	59	110
1	300000	39	0	474	40	99
1	300000	40	0	466	48	100
1	300000	41	0	459	48	98
1	300000	42	1	442	54	104
1	300000	43	0	435	50	105
1	300000	44	0	418	51	111
1	300000	45	0	440	52	101
1	300000	46	0	425	42	113
1	300000	47	0	399	57	124
1	300000	48	1	396	49	125
1	300000	49	0	417	45	108
1	300000	50	0	414	37	113
2	100000	1	1347	1008	167	176
2	100000	2	442	1256	258	198
2	100000	3	240	1336	236	228
2	100000	4	132	1424	279	215
2	100000	5	80	1475	232	256
2	100000	6	55	1475	236	265
2	100000	7	40	1464	210	278
2	100000	8	34	1457	216	272
2	100000	9	33	1478	200	281
2	100000	10	24	1440	204	284
2	100000	11	21	1439	171	296
2	100000	12	9	1433	160	300
2	100000	13	10	1405	169	319
2	100000	14	7	1395	157	293
2	100000	15	13	1330	148	335
2	100000	16	7	1325	153	331
2	100000	17	7	1326	147	319
2	100000	18	4	1271	156	302
2	100000	19	5	1239	147	307
2	100000	20	2	1227	141	310
2	100000	21	5	1193	124	301
2	100000	22	4	1165	112	310
2	100000	23	2	1153	123	299
2	100000	24	3	1121	115	275
2	100000	25	5	1123	107	294
2	100000	26	2	1068	101	317
2	100000	27	1	1077	100	287
2	100000	28	0	1056	113	304
2	100000	29	2	1014	108	292
2	100000	30	3	992	97	313
2	100000	31	1	970	87	299
2	100000	32	2	980	75	268
2	100000	33	2	927	98	262
2	100000	34	0	910	87	265
2	100000	35	0	875	89	282
2	100000	36	1	866	95	267
2	100000	37	2	842	80	283
2	100000	38	2	797	84	284
2	100000	39	0	816	73	258
2	100000	40	0	777	85	268
2	100000	41	0	796	63	247
2	100000	42	0	742	79	263
2	100000	43	0	729	67	269
2	100000	44	0	714	81	250
2	100000	45	0	696	55	256
2	100000	46	0	691	65	244
2	100000	47	1	665	73	236
2	100000	48	0	637	77	260
2	100000	49	1	633	58	246
2	100000	50	0	645	63	212
2	110000	1	138	160	22	18
2	110000	2	53	227	21	24
2	110000	3	33	244	25	26
2	110000	4	18	264	18	25
2	110000	5	12	251	23	29
2	110000	6	7	259	19	29
2	110000	7	9	248	23	28
2	110000	8	5	244	16	33
2	110000	9	4	232	16	33
2	110000	10	0	228	16	41
2	110000	11	7	223	19	31
2	110000	12	2	226	15	31
2	110000	13	1	222	12	38
2	110000	14	3	205	16	40
2	110000	15	3	212	13	33
2	110000	16	1	197	15	35
2	110000	17	0	208	10	31
2	110000	18	0	199	10	27
2	110000	19	0	191	13	30
2	110000	20	0	182	13	32
2	110000	21	2	170	8	46
2	110000	22	2	169	13	33
2	110000	23	2	172	7	25
2	110000	24	0	160	12	33
2	110000	25	0	165	7	32
2	110000	26	0	147	9	40
2	110000	27	0	147	11	34
2	110000	28	0	136	9	35
2	110000	29	0	144	7	33
2	110000	30	0	137	6	36
2	110000	31	0	141	8	29
2	110000	32	0	140	6	26
2	110000	33	0	130	10	30
2	110000	34	0	124	13	30
2	110000	35	0	123	8	31
2	110000	36	0	128	8	23
2	110000	37	0	112	8	32
2	110000	38	0	106	7	36
2	110000	39	0	107	5	34
2	110000	40	0	118	7	22
2	110000	41	0	112	6	26
2	110000	42	0	114	6	23
2	110000	43	0	98	8	32
2	110000	44	0	104	5	25
2	110000	45	0	112	4	15
2	110000	46	0	94	6	30
2	110000	47	0	92	6	29
2	110000	48	0	97	3	24
2	110000	49	0	84	1	36
2	110000	50	0	94	4	25
2	120000	1	633	369	72	53
2	120000	2	237	547	82	80
2	120000	3	97	647	98	67
2	120000	4	50	655	104	83
2	120000	5	38	672	119	82
2	120000	6	28	694	130	97
2	120000	7	19	716	121	113
2	120000	8	14	742	118	116
2	120000	9	12	721	102	122
2	120000	10	3	725	122	130
2	120000	11	2	705	105	147
2	120000	12	3	706	103	149
2	120000	13	2	708	96	124
2	120000	14	3	697	82	149
2	120000	15	2	682	92	145
2	120000	16	2	617	98	178
2	120000	17	3	628	82	162
2	120000	18	1	619	82	165
2	120000	19	2	628	74	158
2	120000	20	0	595	78	165
2	120000	21	0	595	72	161
2	120000	22	0	571	75	153
2	120000	23	2	581	60	169
2	120000	24	0	555	74	164
2	120000	25	0	544	67	158
2	120000	26	2	550	70	143
2	120000	27	1	526	67	152
2	120000	28	0	519	64	163
2	120000	29	0	496	64	162
2	120000	30	0	499	52	153
2	120000	31	0	485	60	161
2	120000	32	0	474	59	148
2	120000	33	0	456	63	165
2	120000	34	1	429	64	162
2	120000	35	0	459	41	148
2	120000	36	0	428	59	153
2	120000	37	0	430	51	155
2	120000	38	0	431	46	152
2	120000	39	1	410	51	164
2	120000	40	0	429	45	147
2	120000	41	0	399	38	165
2	120000	42	0	370	48	169
2	120000	43	0	371	37	170
2	120000	44	0	363	59	156
2	120000	45	0	377	39	155
2	120000	46	0	381	34	149
2	120000	47	0	359	43	160
2	120000	48	0	336	46	166
2	120000	49	0	342	40	160
2	120000	50	0	336	36	164
2	130000	1	777	369	18	33
2	130000	2	225	590	24	36
2	130000	3	88	784	24	26
2	130000	4	43	835	37	41
2	130000	5	34	859	38	39
2	130000	6	28	909	46	61
2	130000	7	27	911	40	57
2	130000	8	10	941	49	63
2	130000	9	10	942	38	62
2	130000	10	5	955	41	64
2	130000	11	5	931	47	69
2	130000	12	7	956	38	64
2	130000	13	5	938	52	78
2	130000	14	4	919	43	108
2	130000	15	3	921	43	93
2	130000	16	2	900	50	92
2	130000	17	2	916	44	110
2	130000	18	1	859	42	129
2	130000	19	2	900	58	96
2	130000	20	3	868	45	118
2	130000	21	1	899	54	98
2	130000	22	2	889	49	97
2	130000	23	1	862	46	130
2	130000	24	0	826	52	131
2	130000	25	1	829	48	128
2	130000	26	0	846	48	116
2	130000	27	2	811	46	123
2	130000	28	1	796	49	140
2	130000	29	1	761	44	148
2	130000	30	0	779	46	121
2	130000	31	0	757	48	127
2	130000	32	0	754	47	138
2	130000	33	0	733	49	140
2	130000	34	0	753	35	127
2	130000	35	1	715	37	145
2	130000	36	0	713	48	128
2	130000	37	0	707	42	140
2	130000	38	0	689	38	147
2	130000	39	0	683	32	133
2	130000	40	0	663	42	132
2	130000	41	0	664	32	136
2	130000	42	0	658	30	142
2	130000	43	0	631	39	141
2	130000	44	0	631	33	143
2	130000	45	1	617	35	144
2	130000	46	0	599	35	147
2	130000	47	0	623	28	135
2	130000	48	0	592	35	149
2	130000	49	0	593	43	140
2	130000	50	0	610	26	129
2	140000	1	461	627	17	37
2	140000	2	212	667	24	53
2	140000	3	93	794	24	52
2	140000	4	70	842	40	54
2	140000	5	44	888	31	61
2	140000	6	39	861	40	62
2	140000	7	27	867	44	73
2	140000	8	19	884	31	78
2	140000	9	15	876	33	82
2	140000	10	13	857	39	82
2	140000	11	14	810	38	97
2	140000	12	11	804	41	103
2	140000	13	4	791	37	93
2	140000	14	10	775	36	93
2	140000	15	2	773	30	84
2	140000	16	6	745	30	86
2	140000	17	4	703	38	110
2	140000	18	4	698	23	108
2	140000	19	6	686	21	110
2	140000	20	3	650	35	102
2	140000	21	2	633	26	114
2	140000	22	1	652	23	91
2	140000	23	2	613	30	113
2	140000	24	1	618	21	103
2	140000	25	0	591	28	103
2	140000	26	1	583	21	105
2	140000	27	2	573	25	89
2	140000	28	1	552	24	98
2	140000	29	0	548	18	102
2	140000	30	0	551	19	79
2	140000	31	0	520	26	89
2	140000	32	0	506	25	96
2	140000	33	0	483	25	105
2	140000	34	1	470	16	104
2	140000	35	1	450	23	108
2	140000	36	2	448	21	101
2	140000	37	0	449	16	96
2	140000	38	1	448	9	93
2	140000	39	0	427	17	89
2	140000	40	0	405	17	94
2	140000	41	0	389	20	104
2	140000	42	0	393	23	103
2	140000	43	0	395	32	78
2	140000	44	0	386	24	89
2	140000	45	0	384	13	91
2	140000	46	0	377	16	91
2	140000	47	0	358	19	100
2	140000	48	0	364	18	87
2	140000	49	0	344	19	97
2	140000	50	0	344	13	89
2	150000	1	889	437	29	24
2	150000	2	221	742	37	32
2	150000	3	119	793	51	45
2	150000	4	60	865	68	52
2	150000	5	38	900	83	67
2	150000	6	31	923	85	69
2	150000	7	16	948	82	89
2	150000	8	9	948	90	97
2	150000	9	8	952	85	99
2	150000	10	8	941	87	106
2	150000	11	4	935	91	117
2	150000	12	5	941	95	113
2	150000	13	1	918	81	132
2	150000	14	2	936	81	125
2	150000	15	0	927	73	114
2	150000	16	1	907	83	126
2	150000	17	2	871	78	139
2	150000	18	0	880	91	138
2	150000	19	3	835	73	156
2	150000	20	1	839	73	142
2	150000	21	1	821	78	165
2	150000	22	3	824	73	142
2	150000	23	1	817	64	148
2	150000	24	2	797	73	136
2	150000	25	0	804	73	124
2	150000	26	0	763	73	151
2	150000	27	0	770	71	121
2	150000	28	0	758	51	160
2	150000	29	0	745	77	150
2	150000	30	1	738	60	162
2	150000	31	0	728	64	143
2	150000	32	0	732	49	143
2	150000	33	1	702	64	148
2	150000	34	0	683	53	167
2	150000	35	0	699	69	131
2	150000	36	0	680	54	160
2	150000	37	0	679	56	147
2	150000	38	0	672	59	151
2	150000	39	0	670	62	136
2	150000	40	1	657	48	162
2	150000	41	0	625	53	169
2	150000	42	0	643	47	149
2	150000	43	1	624	58	158
2	150000	44	0	614	50	155
2	150000	45	0	593	42	163
2	150000	46	0	599	46	155
2	150000	47	0	588	49	149
2	150000	48	0	585	44	153
2	150000	49	0	568	54	145
2	150000	50	0	559	50	159
2	160000	1	433	154	2	6
2	160000	2	167	218	1	7
2	160000	3	95	328	10	14
2	160000	4	32	444	20	27
2	160000	5	27	502	25	28
2	160000	6	20	490	30	24
2	160000	7	19	514	32	48
2	160000	8	8	527	36	50
2	160000	9	4	524	32	73
2	160000	10	5	554	50	57
2	160000	11	6	556	39	69
2	160000	12	5	552	54	60
2	160000	13	1	575	48	82
2	160000	14	1	561	28	97
2	160000	15	0	583	35	91
2	160000	16	1	560	50	101
2	160000	17	0	568	38	97
2	160000	18	0	574	38	96
2	160000	19	0	546	45	119
2	160000	20	0	565	37	95
2	160000	21	0	541	45	117
2	160000	22	1	538	38	115
2	160000	23	0	545	33	116
2	160000	24	0	534	51	121
2	160000	25	0	537	45	113
2	160000	26	2	525	39	129
2	160000	27	0	534	45	117
2	160000	28	1	508	44	131
2	160000	29	1	517	32	129
2	160000	30	0	491	29	143
2	160000	31	0	499	35	134
2	160000	32	0	498	34	130
2	160000	33	0	496	33	134
2	160000	34	0	480	43	141
2	160000	35	0	485	37	136
2	160000	36	1	478	34	136
2	160000	37	0	476	38	133
2	160000	38	0	455	42	150
2	160000	39	0	460	29	138
2	160000	40	0	460	43	135
2	160000	41	0	443	32	156
2	160000	42	0	464	31	135
2	160000	43	0	426	38	146
2	160000	44	0	444	36	134
2	160000	45	0	429	24	154
2	160000	46	0	414	39	147
2	160000	47	0	425	36	135
2	160000	48	0	423	29	149
2	160000	49	0	428	33	144
2	160000	50	0	385	36	166
2	170000	1	512	683	59	31
2	170000	2	207	858	63	55
2	170000	3	120	973	77	65
2	170000	4	96	973	64	68
2	170000	5	70	1007	84	85
2	170000	6	51	1043	70	82
2	170000	7	41	1072	89	76
2	170000	8	37	1031	64	100
2	170000	9	30	1068	93	87
2	170000	10	33	1045	58	102
2	170000	11	22	1013	62	120
2	170000	12	22	1061	77	105
2	170000	13	13	1028	72	126
2	170000	14	11	997	57	128
2	170000	15	2	1031	58	115
2	170000	16	7	979	51	136
2	170000	17	9	953	72	140
2	170000	18	9	959	64	151
2	170000	19	9	938	55	162
2	170000	20	1	929	66	151
2	170000	21	0	939	47	152
2	170000	22	6	907	62	143
2	170000	23	1	898	59	152
2	170000	24	7	882	54	150
2	170000	25	4	862	50	153
2	170000	26	1	829	51	171
2	170000	27	4	815	58	158
2	170000	28	1	822	43	154
2	170000	29	2	803	48	126
2	170000	30	0	790	42	144
2	170000	31	2	754	54	159
2	170000	32	2	722	42	160
2	170000	33	1	748	46	146
2	170000	34	2	721	40	153
2	170000	35	0	697	39	156
2	170000	36	0	677	50	160
2	170000	37	3	677	30	180
2	170000	38	1	658	40	159
2	170000	39	1	647	52	128
2	170000	40	1	625	35	145
2	170000	41	0	619	37	149
2	170000	42	0	600	33	150
2	170000	43	0	556	46	158
2	170000	44	0	549	36	168
2	170000	45	0	554	35	161
2	170000	46	0	520	34	174
2	170000	47	0	533	45	147
2	170000	48	0	521	30	160
2	170000	49	0	514	34	149
2	170000	50	1	497	44	136
2	180000	1	598	482	50	56
2	180000	2	198	693	56	56
2	180000	3	84	786	54	82
2	180000	4	53	854	43	88
2	180000	5	35	862	52	88
2	180000	6	24	861	50	90
2	180000	7	29	878	43	100
2	180000	8	21	872	44	96
2	180000	9	14	884	44	113
2	180000	10	10	881	33	117
2	180000	11	12	851	59	118
2	180000	12	5	858	54	130
2	180000	13	10	833	43	133
2	180000	14	6	861	40	117
2	180000	15	4	819	49	119
2	180000	16	6	811	49	132
2	180000	17	3	787	38	139
2	180000	18	1	777	42	135
2	180000	19	2	789	31	123
2	180000	20	3	736	38	145
2	180000	21	1	745	36	131
2	180000	22	3	698	47	146
2	180000	23	4	688	43	150
2	180000	24	2	712	36	133
2	180000	25	1	673	49	131
2	180000	26	2	649	40	145
2	180000	27	1	611	47	156
2	180000	28	2	619	27	149
2	180000	29	2	611	39	145
2	180000	30	3	583	37	144
2	180000	31	0	578	38	145
2	180000	32	1	566	32	147
2	180000	33	0	546	35	142
2	180000	34	1	518	35	150
2	180000	35	0	541	38	125
2	180000	36	4	524	28	113
2	180000	37	0	514	37	123
2	180000	38	0	499	33	126
2	180000	39	0	448	35	142
2	180000	40	0	476	25	123
2	180000	41	0	448	24	130
2	180000	42	0	444	16	132
2	180000	43	0	425	29	124
2	180000	44	0	443	17	108
2	180000	45	0	398	30	123
2	180000	46	1	397	22	120
2	180000	47	0	398	23	112
2	180000	48	0	382	23	122
2	180000	49	0	372	26	104
2	180000	50	0	355	15	123
2	190000	1	822	325	25	37
2	190000	2	235	604	49	47
2	190000	3	79	733	94	65
2	190000	4	44	838	89	73
2	190000	5	32	790	92	86
2	190000	6	17	811	91	104
2	190000	7	16	808	95	94
2	190000	8	2	813	82	112
2	190000	9	2	839	95	91
2	190000	10	10	752	100	116
2	190000	11	4	764	90	129
2	190000	12	6	768	84	121
2	190000	13	2	758	96	121
2	190000	14	2	750	78	125
2	190000	15	1	740	74	130
2	190000	16	4	727	76	139
2	190000	17	2	705	84	131
2	190000	18	0	695	73	157
2	190000	19	0	694	83	151
2	190000	20	0	686	67	158
2	190000	21	1	668	61	147
2	190000	22	1	674	74	149
2	190000	23	0	639	89	150
2	190000	24	1	640	64	155
2	190000	25	0	603	69	163
2	190000	26	0	627	58	143
2	190000	27	0	619	60	146
2	190000	28	0	592	70	156
2	190000	29	0	594	55	152
2	190000	30	0	579	55	151
2	190000	31	0	583	66	144
2	190000	32	0	563	52	155
2	190000	33	0	523	70	161
2	190000	34	1	524	67	151
2	190000	35	0	529	66	139
2	190000	36	0	524	59	142
2	190000	37	0	493	56	164
2	190000	38	0	508	57	149
2	190000	39	1	486	51	157
2	190000	40	0	464	57	153
2	190000	41	0	454	55	160
2	190000	42	0	476	49	146
2	190000	43	0	450	54	155
2	190000	44	0	439	53	153
2	190000	45	0	438	61	144
2	190000	46	0	414	57	155
2	190000	47	0	416	45	150
2	190000	48	0	423	40	136
2	190000	49	0	381	46	150
2	190000	50	0	380	37	158
2	200000	1	35	24	1	7
2	200000	2	1	49	5	6
2	200000	3	0	51	3	4
2	200000	4	0	47	3	4
2	200000	5	0	44	2	7
2	200000	6	0	44	4	4
2	200000	7	0	47	0	3
2	200000	8	0	39	4	2
2	200000	9	0	39	1	2
2	200000	10	0	40	1	0
2	200000	11	0	38	1	1
2	200000	12	0	39	1	1
2	200000	13	0	36	3	2
2	200000	14	0	34	5	0
2	200000	15	0	33	3	2
2	200000	16	0	34	1	2
2	200000	17	0	33	1	3
2	200000	18	0	34	3	0
2	200000	19	0	33	2	2
2	200000	20	0	33	2	2
2	200000	21	0	33	2	2
2	200000	22	0	36	0	0
2	200000	23	0	35	0	1
2	200000	24	0	32	4	0
2	200000	25	0	31	3	0
2	200000	26	0	31	2	2
2	200000	27	0	32	3	1
2	200000	28	0	29	4	2
2	200000	29	0	30	2	4
2	200000	30	0	31	5	0
2	200000	31	0	32	2	2
2	200000	32	0	33	2	0
2	200000	33	0	31	4	1
2	200000	34	0	34	1	1
2	200000	35	0	34	0	2
2	200000	36	0	32	1	2
2	200000	37	0	32	3	1
2	200000	38	0	33	2	1
2	200000	39	0	33	1	2
2	200000	40	0	33	1	2
2	200000	41	0	30	3	3
2	200000	42	0	33	1	2
2	200000	43	0	33	1	0
2	200000	44	0	31	3	1
2	200000	45	0	33	0	3
2	200000	46	0	30	3	3
2	200000	47	0	34	1	1
2	200000	48	0	31	1	4
2	200000	49	0	29	2	4
2	200000	50	0	29	3	4
2	210000	1	640	581	105	79
2	210000	2	193	737	136	112
2	210000	3	66	814	135	125
2	210000	4	36	805	132	129
2	210000	5	37	765	135	127
2	210000	6	25	762	105	142
2	210000	7	18	732	106	134
2	210000	8	13	723	89	143
2	210000	9	13	721	79	132
2	210000	10	10	704	74	129
2	210000	11	6	630	94	126
2	210000	12	3	643	64	118
2	210000	13	4	599	72	123
2	210000	14	3	583	61	129
2	210000	15	5	558	64	113
2	210000	16	1	539	54	113
2	210000	17	2	521	52	119
2	210000	18	0	506	47	101
2	210000	19	1	473	55	108
2	210000	20	0	437	45	135
2	210000	21	1	427	57	97
2	210000	22	3	414	52	97
2	210000	23	3	398	36	101
2	210000	24	3	377	45	105
2	210000	25	0	372	43	100
2	210000	26	0	343	34	97
2	210000	27	0	341	38	93
2	210000	28	0	317	44	84
2	210000	29	0	311	29	83
2	210000	30	0	304	32	83
2	210000	31	0	292	34	88
2	210000	32	0	272	29	96
2	210000	33	0	277	32	78
2	210000	34	0	261	35	87
2	210000	35	0	257	32	75
2	210000	36	0	241	26	85
2	210000	37	0	259	28	53
2	210000	38	0	243	29	63
2	210000	39	0	214	21	83
2	210000	40	0	206	16	80
2	210000	41	0	218	18	61
2	210000	42	0	200	17	66
2	210000	43	0	196	24	51
2	210000	44	0	178	30	63
2	210000	45	0	172	21	67
2	210000	46	0	170	24	50
2	210000	47	0	160	19	59
2	210000	48	0	158	13	66
2	210000	49	0	155	20	53
2	210000	50	0	148	20	54
2	220000	1	537	269	30	22
2	220000	2	117	504	48	34
2	220000	3	41	550	68	29
2	220000	4	24	547	76	49
2	220000	5	16	552	68	52
2	220000	6	19	574	60	57
2	220000	7	9	551	76	69
2	220000	8	7	558	68	73
2	220000	9	4	550	65	73
2	220000	10	4	549	56	81
2	220000	11	4	539	52	95
2	220000	12	1	522	53	88
2	220000	13	0	519	57	90
2	220000	14	1	487	53	99
2	220000	15	0	503	45	97
2	220000	16	2	475	58	114
2	220000	17	1	470	50	107
2	220000	18	0	442	63	103
2	220000	19	1	459	50	104
2	220000	20	1	441	56	110
2	220000	21	0	419	59	116
2	220000	22	0	408	57	107
2	220000	23	1	420	45	105
2	220000	24	0	406	45	107
2	220000	25	1	383	55	116
2	220000	26	0	405	50	92
2	220000	27	0	387	46	108
2	220000	28	1	376	41	109
2	220000	29	0	364	45	111
2	220000	30	0	350	36	120
2	220000	31	0	340	47	116
2	220000	32	0	322	39	120
2	220000	33	0	325	38	114
2	220000	34	0	315	47	113
2	220000	35	0	313	38	115
2	220000	36	0	300	46	108
2	220000	37	1	309	40	96
2	220000	38	0	288	41	96
2	220000	39	0	272	42	110
2	220000	40	1	284	36	93
2	220000	41	0	281	34	100
2	220000	42	0	264	33	109
2	220000	43	0	258	41	97
2	220000	44	0	256	30	98
2	220000	45	0	253	33	102
2	220000	46	0	250	33	98
2	220000	47	0	238	31	107
2	220000	48	0	232	34	98
2	220000	49	0	241	29	93
2	220000	50	0	238	25	93
2	230000	1	254	362	18	37
2	230000	2	66	426	35	45
2	230000	3	27	467	32	52
2	230000	4	35	455	24	44
2	230000	5	20	450	29	51
2	230000	6	12	433	37	51
2	230000	7	4	437	35	52
2	230000	8	3	424	22	58
2	230000	9	3	396	34	62
2	230000	10	3	395	36	55
2	230000	11	3	408	26	51
2	230000	12	2	367	30	70
2	230000	13	2	363	28	70
2	230000	14	1	350	30	71
2	230000	15	5	348	30	63
2	230000	16	1	335	30	60
2	230000	17	1	341	28	55
2	230000	18	0	325	29	58
2	230000	19	1	296	36	66
2	230000	20	1	297	25	65
2	230000	21	1	288	23	61
2	230000	22	1	278	33	58
2	230000	23	1	266	20	73
2	230000	24	0	255	23	67
2	230000	25	0	252	28	61
2	230000	26	0	254	23	59
2	230000	27	1	241	18	59
2	230000	28	0	214	28	72
2	230000	29	0	230	22	50
2	230000	30	0	209	20	59
2	230000	31	0	203	16	67
2	230000	32	2	204	17	52
2	230000	33	0	179	22	66
2	230000	34	0	194	16	59
2	230000	35	1	179	17	63
2	230000	36	0	183	10	58
2	230000	37	0	184	14	51
2	230000	38	0	183	17	42
2	230000	39	0	180	10	44
2	230000	40	0	168	11	54
2	230000	41	0	152	21	54
2	230000	42	0	157	13	44
2	230000	43	0	149	16	43
2	230000	44	1	145	12	44
2	230000	45	0	135	14	45
2	230000	46	0	127	14	45
2	230000	47	0	122	12	47
2	230000	48	0	133	9	36
2	230000	49	0	130	10	34
2	230000	50	0	110	12	41
2	240000	1	395	360	30	28
2	240000	2	119	543	46	32
2	240000	3	58	598	37	38
2	240000	4	40	616	48	39
2	240000	5	32	628	47	46
2	240000	6	19	632	51	52
2	240000	7	23	624	50	58
2	240000	8	11	628	43	60
2	240000	9	10	616	44	59
2	240000	10	10	631	32	80
2	240000	11	2	611	51	72
2	240000	12	8	584	47	77
2	240000	13	2	583	56	71
2	240000	14	6	578	37	76
2	240000	15	1	566	35	81
2	240000	16	1	546	46	75
2	240000	17	3	516	50	89
2	240000	18	4	521	44	80
2	240000	19	1	503	43	97
2	240000	20	2	521	40	89
2	240000	21	1	486	47	98
2	240000	22	2	490	34	75
2	240000	23	1	490	33	82
2	240000	24	1	462	40	86
2	240000	25	0	463	28	82
2	240000	26	1	433	31	92
2	240000	27	1	424	36	89
2	240000	28	2	403	34	101
2	240000	29	1	409	26	87
2	240000	30	0	396	28	88
2	240000	31	0	401	30	79
2	240000	32	0	386	35	82
2	240000	33	0	366	31	95
2	240000	34	2	368	26	84
2	240000	35	0	346	29	91
2	240000	36	0	332	25	106
2	240000	37	1	325	26	92
2	240000	38	0	317	31	83
2	240000	39	0	315	29	77
2	240000	40	0	303	32	78
2	240000	41	0	306	16	83
2	240000	42	1	266	20	95
2	240000	43	0	302	16	76
2	240000	44	0	283	26	79
2	240000	45	0	267	22	87
2	240000	46	0	263	22	86
2	240000	47	0	271	20	79
2	240000	48	0	252	19	83
2	240000	49	0	247	23	85
2	240000	50	0	252	15	78
2	250000	1	219	154	12	12
2	250000	2	72	233	24	6
2	250000	3	36	283	36	12
2	250000	4	15	292	39	31
2	250000	5	9	314	47	15
2	250000	6	8	309	34	31
2	250000	7	8	328	25	33
2	250000	8	4	305	37	33
2	250000	9	1	325	27	38
2	250000	10	2	316	28	34
2	250000	11	4	319	29	32
2	250000	12	2	313	25	39
2	250000	13	2	297	29	43
2	250000	14	0	291	26	40
2	250000	15	1	278	32	50
2	250000	16	0	271	29	52
2	250000	17	0	287	24	47
2	250000	18	1	282	18	46
2	250000	19	0	282	15	51
2	250000	20	2	264	27	53
2	250000	21	0	284	24	39
2	250000	22	1	259	20	54
2	250000	23	1	270	17	47
2	250000	24	1	247	17	65
2	250000	25	1	257	13	49
2	250000	26	0	252	15	59
2	250000	27	0	246	20	58
2	250000	28	0	247	20	50
2	250000	29	0	233	22	60
2	250000	30	0	230	14	54
2	250000	31	1	229	14	49
2	250000	32	0	231	17	48
2	250000	33	0	215	21	47
2	250000	34	0	230	16	34
2	250000	35	0	199	21	51
2	250000	36	0	211	15	48
2	250000	37	0	192	12	60
2	250000	38	0	210	17	38
2	250000	39	0	199	19	41
2	250000	40	0	201	12	49
2	250000	41	0	198	10	47
2	250000	42	0	196	13	44
2	250000	43	0	184	11	50
2	250000	44	0	180	11	53
2	250000	45	0	183	7	53
2	250000	46	0	188	7	42
2	250000	47	0	185	7	42
2	250000	48	0	164	12	47
2	250000	49	0	159	14	52
2	250000	50	0	174	9	42
2	260000	1	234	372	52	29
2	260000	2	74	450	50	50
2	260000	3	43	452	55	51
2	260000	4	36	441	53	62
2	260000	5	17	446	56	64
2	260000	6	13	426	53	65
2	260000	7	8	400	56	80
2	260000	8	9	393	52	64
2	260000	9	4	384	44	78
2	260000	10	4	359	50	66
2	260000	11	8	348	42	73
2	260000	12	3	318	47	83
2	260000	13	2	332	40	69
2	260000	14	5	316	25	84
2	260000	15	1	309	29	76
2	260000	16	3	287	34	70
2	260000	17	2	277	27	74
2	260000	18	2	272	28	66
2	260000	19	2	258	29	61
2	260000	20	2	246	22	62
2	260000	21	3	240	23	62
2	260000	22	2	226	24	61
2	260000	23	0	230	19	65
2	260000	24	1	204	25	81
2	260000	25	0	211	16	63
2	260000	26	1	211	19	56
2	260000	27	0	184	23	64
2	260000	28	0	191	18	60
2	260000	29	1	177	22	61
2	260000	30	0	165	17	71
2	260000	31	0	175	18	54
2	260000	32	0	162	16	48
2	260000	33	0	151	13	55
2	260000	34	0	150	14	42
2	260000	35	0	145	14	40
2	260000	36	1	128	10	50
2	260000	37	0	129	10	48
2	260000	38	0	126	10	44
2	260000	39	0	114	14	45
2	260000	40	0	113	15	42
2	260000	41	0	103	12	50
2	260000	42	0	108	8	44
2	260000	43	0	97	11	46
2	260000	44	0	110	9	35
2	260000	45	0	94	12	44
2	260000	46	0	87	12	40
2	260000	47	0	95	9	30
2	260000	48	0	83	11	39
2	260000	49	1	87	10	32
2	260000	50	0	83	11	32
2	270000	1	107	35	0	1
2	270000	2	4	96	3	2
2	270000	3	6	104	7	2
2	270000	4	4	79	19	7
2	270000	5	4	98	23	4
2	270000	6	2	114	11	4
2	270000	7	1	116	13	2
2	270000	8	0	112	15	7
2	270000	9	3	112	10	10
2	270000	10	1	117	9	7
2	270000	11	0	121	5	7
2	270000	12	0	107	13	12
2	270000	13	1	107	11	9
2	270000	14	1	108	10	9
2	270000	15	0	99	13	15
2	270000	16	0	106	11	10
2	270000	17	0	105	10	10
2	270000	18	2	102	13	13
2	270000	19	0	111	8	10
2	270000	20	0	102	12	10
2	270000	21	0	105	5	16
2	270000	22	0	102	11	10
2	270000	23	0	105	8	11
2	270000	24	0	100	13	11
2	270000	25	0	97	14	12
2	270000	26	0	101	10	11
2	270000	27	0	98	14	11
2	270000	28	0	97	11	13
2	270000	29	0	93	11	16
2	270000	30	0	101	8	12
2	270000	31	0	98	10	14
2	270000	32	0	95	11	14
2	270000	33	0	97	7	17
2	270000	34	0	100	6	11
2	270000	35	0	95	9	10
2	270000	36	0	106	3	7
2	270000	37	0	90	10	15
2	270000	38	0	95	14	6
2	270000	39	0	94	7	15
2	270000	40	0	87	9	16
2	270000	41	0	98	5	13
2	270000	42	0	84	11	18
2	270000	43	0	86	10	16
2	270000	44	0	93	5	13
2	270000	45	0	79	7	23
2	270000	46	0	87	7	16
2	270000	47	0	86	5	20
2	270000	48	0	90	8	11
2	270000	49	0	82	8	18
2	270000	50	0	87	7	14
2	280000	1	129	103	16	2
2	280000	2	30	175	12	6
2	280000	3	9	211	19	9
2	280000	4	11	200	20	13
2	280000	5	11	223	16	13
2	280000	6	8	231	10	14
2	280000	7	9	222	13	15
2	280000	8	6	223	8	15
2	280000	9	1	221	19	16
2	280000	10	3	225	10	15
2	280000	11	2	218	11	19
2	280000	12	1	233	5	20
2	280000	13	1	226	8	19
2	280000	14	0	217	8	19
2	280000	15	1	210	9	23
2	280000	16	1	200	14	29
2	280000	17	4	214	4	20
2	280000	18	2	205	13	22
2	280000	19	0	201	12	25
2	280000	20	1	203	11	25
2	280000	21	0	193	8	30
2	280000	22	1	197	9	21
2	280000	23	0	197	9	22
2	280000	24	1	189	7	29
2	280000	25	0	188	9	28
2	280000	26	0	177	13	24
2	280000	27	0	173	11	34
2	280000	28	0	181	12	28
2	280000	29	0	164	9	44
2	280000	30	0	172	5	34
2	280000	31	0	164	9	32
2	280000	32	1	161	7	33
2	280000	33	0	161	7	34
2	280000	34	0	158	5	35
2	280000	35	0	154	6	33
2	280000	36	1	139	13	39
2	280000	37	0	158	3	31
2	280000	38	0	147	14	29
2	280000	39	0	149	7	32
2	280000	40	0	150	5	32
2	280000	41	0	139	7	33
2	280000	42	0	145	2	31
2	280000	43	0	136	7	32
2	280000	44	0	140	5	25
2	280000	45	0	139	6	22
2	280000	46	0	128	12	24
2	280000	47	0	133	4	26
2	280000	48	0	136	6	19
2	280000	49	0	122	7	32
2	280000	50	0	118	6	30
2	290000	1	458	118	11	3
2	290000	2	114	244	21	10
2	290000	3	31	352	32	9
2	290000	4	26	408	34	11
2	290000	5	23	439	25	16
2	290000	6	9	437	32	22
2	290000	7	3	446	43	17
2	290000	8	2	453	41	25
2	290000	9	2	435	60	34
2	290000	10	2	446	46	40
2	290000	11	0	466	35	38
2	290000	12	0	471	36	43
2	290000	13	0	460	36	52
2	290000	14	1	474	44	42
2	290000	15	1	464	27	51
2	290000	16	0	467	29	63
2	290000	17	1	470	29	57
2	290000	18	0	461	31	70
2	290000	19	0	442	36	67
2	290000	20	0	448	38	66
2	290000	21	0	442	30	82
2	290000	22	0	435	28	69
2	290000	23	0	446	31	72
2	290000	24	0	444	42	60
2	290000	25	0	445	35	60
2	290000	26	0	411	38	88
2	290000	27	0	422	34	75
2	290000	28	0	413	29	86
2	290000	29	0	398	34	92
2	290000	30	0	409	28	77
2	290000	31	0	401	30	79
2	290000	32	0	396	39	71
2	290000	33	0	403	33	79
2	290000	34	0	384	33	83
2	290000	35	0	374	34	74
2	290000	36	0	365	25	93
2	290000	37	0	361	26	85
2	290000	38	0	345	34	87
2	290000	39	0	346	26	84
2	290000	40	0	327	38	82
2	290000	41	0	350	29	73
2	290000	42	0	326	30	85
2	290000	43	0	323	28	84
2	290000	44	0	314	31	85
2	290000	45	0	317	32	82
2	290000	46	0	289	26	96
2	290000	47	0	285	26	103
2	290000	48	0	304	22	85
2	290000	49	0	293	26	87
2	290000	50	0	294	25	73
2	300000	1	899	658	156	90
2	300000	2	277	902	189	128
2	300000	3	125	997	203	139
2	300000	4	59	1065	198	149
2	300000	5	52	1074	182	161
2	300000	6	39	1060	166	171
2	300000	7	26	1066	153	191
2	300000	8	14	1046	155	186
2	300000	9	15	997	143	203
2	300000	10	13	993	131	176
2	300000	11	11	933	137	219
2	300000	12	7	903	113	221
2	300000	13	8	940	102	189
2	300000	14	5	896	102	211
2	300000	15	13	843	106	179
2	300000	16	4	854	79	208
2	300000	17	5	808	98	190
2	300000	18	1	783	83	204
2	300000	19	2	756	75	195
2	300000	20	2	747	75	200
2	300000	21	2	731	62	194
2	300000	22	3	683	60	215
2	300000	23	2	682	73	189
2	300000	24	0	617	92	186
2	300000	25	4	625	65	188
2	300000	26	1	599	63	192
2	300000	27	1	616	58	163
2	300000	28	0	544	80	174
2	300000	29	0	539	58	182
2	300000	30	0	531	67	159
2	300000	31	1	523	50	167
2	300000	32	1	511	53	156
2	300000	33	0	480	56	165
2	300000	34	0	453	48	172
2	300000	35	0	467	59	135
2	300000	36	0	425	53	156
2	300000	37	0	421	35	154
2	300000	38	0	406	33	153
2	300000	39	0	398	33	149
2	300000	40	0	367	36	161
2	300000	41	0	367	47	132
2	300000	42	0	358	40	126
2	300000	43	0	335	32	138
2	300000	44	0	333	41	115
2	300000	45	0	338	27	125
2	300000	46	0	322	24	125
2	300000	47	0	301	31	129
2	300000	48	0	302	28	110
2	300000	49	0	290	21	118
2	300000	50	0	295	25	106
3	100000	1	609	1271	533	433
3	100000	2	314	1307	442	414
3	100000	3	183	1228	377	426
3	100000	4	100	1248	293	373
3	100000	5	84	1207	248	381
3	100000	6	54	1163	189	381
3	100000	7	29	1117	160	344
3	100000	8	25	1022	139	351
3	100000	9	33	949	142	303
3	100000	10	16	905	142	291
3	100000	11	15	876	121	259
3	100000	12	11	809	99	251
3	100000	13	13	748	77	274
3	100000	14	4	682	75	252
3	100000	15	11	614	77	244
3	100000	16	6	596	69	209
3	100000	17	4	564	53	207
3	100000	18	3	559	52	172
3	100000	19	6	480	54	187
3	100000	20	1	475	48	162
3	100000	21	3	442	36	152
3	100000	22	1	412	45	144
3	100000	23	1	358	45	157
3	100000	24	2	352	33	139
3	100000	25	1	320	38	135
3	100000	26	2	282	28	146
3	100000	27	1	298	24	115
3	100000	28	0	273	18	119
3	100000	29	0	256	26	98
3	100000	30	0	221	29	107
3	100000	31	0	234	30	75
3	100000	32	0	207	33	76
3	100000	33	0	186	22	91
3	100000	34	0	189	17	80
3	100000	35	0	168	16	78
3	100000	36	1	150	21	81
3	100000	37	0	154	15	71
3	100000	38	0	145	14	62
3	100000	39	1	134	13	66
3	100000	40	0	131	17	56
3	100000	41	0	121	12	56
3	100000	42	0	121	12	47
3	100000	43	0	114	11	47
3	100000	44	0	108	10	45
3	100000	45	0	98	5	52
3	100000	46	1	88	10	47
3	100000	47	0	86	7	46
3	100000	48	0	73	8	55
3	100000	49	0	83	12	36
3	100000	50	0	75	11	40
3	110000	1	52	303	51	46
3	110000	2	37	291	31	47
3	110000	3	18	260	32	44
3	110000	4	15	267	14	44
3	110000	5	8	245	11	42
3	110000	6	7	221	15	36
3	110000	7	1	200	17	41
3	110000	8	3	184	10	34
3	110000	9	3	166	11	35
3	110000	10	2	156	13	31
3	110000	11	1	151	3	27
3	110000	12	2	129	9	32
3	110000	13	3	117	7	34
3	110000	14	3	121	9	20
3	110000	15	1	113	7	22
3	110000	16	1	94	6	28
3	110000	17	0	83	11	26
3	110000	18	2	77	6	25
3	110000	19	0	83	6	18
3	110000	20	0	77	5	16
3	110000	21	2	57	5	23
3	110000	22	0	56	4	20
3	110000	23	0	60	4	14
3	110000	24	0	55	2	20
3	110000	25	0	54	3	16
3	110000	26	0	51	1	12
3	110000	27	0	51	0	15
3	110000	28	0	42	2	12
3	110000	29	1	39	1	14
3	110000	30	1	33	1	18
3	110000	31	0	33	5	11
3	110000	32	0	30	2	14
3	110000	33	0	39	1	5
3	110000	34	0	32	2	8
3	110000	35	0	30	3	9
3	110000	36	0	23	2	16
3	110000	37	0	27	5	7
3	110000	38	0	33	0	5
3	110000	39	0	27	2	7
3	110000	40	0	23	1	11
3	110000	41	0	26	3	6
3	110000	42	0	25	1	4
3	110000	43	0	19	3	7
3	110000	44	0	18	1	4
3	110000	45	0	16	0	6
3	110000	46	0	13	1	7
3	110000	47	0	13	0	6
3	110000	48	0	11	3	5
3	110000	49	0	7	2	10
3	110000	50	0	14	1	4
3	120000	1	394	569	205	155
3	120000	2	176	623	217	151
3	120000	3	92	639	194	164
3	120000	4	73	635	169	144
3	120000	5	31	651	125	164
3	120000	6	20	614	124	153
3	120000	7	22	567	120	175
3	120000	8	15	539	102	177
3	120000	9	15	529	78	183
3	120000	10	9	500	76	159
3	120000	11	6	482	79	148
3	120000	12	3	440	72	160
3	120000	13	3	406	71	163
3	120000	14	1	379	67	158
3	120000	15	2	383	61	145
3	120000	16	2	347	53	138
3	120000	17	3	349	38	129
3	120000	18	0	322	50	127
3	120000	19	1	308	41	134
3	120000	20	2	261	41	136
3	120000	21	1	254	26	129
3	120000	22	2	236	29	125
3	120000	23	1	235	29	114
3	120000	24	1	244	31	90
3	120000	25	1	211	28	106
3	120000	26	2	204	24	94
3	120000	27	1	192	24	93
3	120000	28	1	176	26	86
3	120000	29	1	159	20	94
3	120000	30	1	164	20	73
3	120000	31	0	137	30	78
3	120000	32	0	148	17	71
3	120000	33	0	135	14	77
3	120000	34	0	125	25	64
3	120000	35	0	109	18	72
3	120000	36	0	116	18	59
3	120000	37	0	106	8	69
3	120000	38	0	99	20	57
3	120000	39	0	97	12	60
3	120000	40	0	94	16	50
3	120000	41	0	96	14	49
3	120000	42	0	93	9	48
3	120000	43	0	86	9	53
3	120000	44	0	78	8	52
3	120000	45	0	77	9	47
3	120000	46	0	64	14	47
3	120000	47	0	71	10	42
3	120000	48	0	74	14	34
3	120000	49	0	71	6	40
3	120000	50	0	70	7	39
3	130000	1	678	796	120	108
3	130000	2	233	995	147	119
3	130000	3	143	1078	132	142
3	130000	4	86	1116	108	144
3	130000	5	59	1147	109	136
3	130000	6	47	1128	85	146
3	130000	7	32	1110	84	160
3	130000	8	25	1106	85	173
3	130000	9	23	1039	81	181
3	130000	10	15	996	81	178
3	130000	11	16	964	74	179
3	130000	12	10	903	77	178
3	130000	13	8	883	65	175
3	130000	14	4	843	75	181
3	130000	15	3	824	61	179
3	130000	16	5	785	62	180
3	130000	17	5	713	64	186
3	130000	18	6	722	57	150
3	130000	19	1	670	51	177
3	130000	20	2	660	30	173
3	130000	21	3	597	53	182
3	130000	22	1	600	45	163
3	130000	23	4	574	43	148
3	130000	24	1	537	43	158
3	130000	25	0	528	29	155
3	130000	26	2	507	32	146
3	130000	27	1	464	41	150
3	130000	28	0	445	42	147
3	130000	29	0	425	33	155
3	130000	30	0	421	31	141
3	130000	31	1	391	27	144
3	130000	32	2	377	24	142
3	130000	33	0	377	25	118
3	130000	34	0	337	29	126
3	130000	35	0	311	18	155
3	130000	36	0	337	26	102
3	130000	37	0	301	24	119
3	130000	38	0	309	16	98
3	130000	39	0	278	26	108
3	130000	40	0	253	25	113
3	130000	41	0	246	15	117
3	130000	42	0	251	11	94
3	130000	43	1	218	25	114
3	130000	44	0	209	23	109
3	130000	45	0	212	25	93
3	130000	46	0	201	15	98
3	130000	47	0	181	14	99
3	130000	48	0	190	14	84
3	130000	49	0	196	12	68
3	130000	50	0	189	14	69
3	140000	1	268	801	70	111
3	140000	2	116	770	56	114
3	140000	3	89	790	54	106
3	140000	4	38	799	46	101
3	140000	5	33	719	48	102
3	140000	6	33	685	40	111
3	140000	7	18	633	45	105
3	140000	8	18	586	47	112
3	140000	9	14	540	45	100
3	140000	10	13	488	50	109
3	140000	11	8	498	34	86
3	140000	12	14	437	33	105
3	140000	13	8	427	29	85
3	140000	14	5	397	28	88
3	140000	15	4	367	24	87
3	140000	16	3	329	22	92
3	140000	17	4	298	27	92
3	140000	18	3	291	23	82
3	140000	19	2	270	12	86
3	140000	20	0	271	17	64
3	140000	21	0	244	17	69
3	140000	22	1	236	20	65
3	140000	23	0	229	9	69
3	140000	24	0	203	11	81
3	140000	25	1	194	18	74
3	140000	26	0	195	21	64
3	140000	27	0	176	16	69
3	140000	28	0	183	16	63
3	140000	29	2	168	13	68
3	140000	30	0	159	13	75
3	140000	31	2	166	9	60
3	140000	32	0	159	13	54
3	140000	33	0	142	13	61
3	140000	34	0	145	11	59
3	140000	35	0	143	4	60
3	140000	36	0	122	11	67
3	140000	37	0	126	10	58
3	140000	38	0	122	12	52
3	140000	39	0	111	7	61
3	140000	40	1	117	8	47
3	140000	41	0	99	7	57
3	140000	42	0	107	15	36
3	140000	43	0	91	11	54
3	140000	44	0	99	7	47
3	140000	45	0	101	7	41
3	140000	46	0	97	7	41
3	140000	47	0	90	10	41
3	140000	48	0	79	8	51
3	140000	49	0	92	5	39
3	140000	50	0	83	5	42
3	150000	1	798	820	152	152
3	150000	2	300	951	151	159
3	150000	3	145	1064	191	148
3	150000	4	61	1148	193	161
3	150000	5	62	1115	155	174
3	150000	6	42	1112	141	178
3	150000	7	25	1106	161	172
3	150000	8	22	1078	144	190
3	150000	9	22	1078	127	160
3	150000	10	20	1011	119	178
3	150000	11	8	1017	97	178
3	150000	12	8	1021	93	172
3	150000	13	9	981	89	177
3	150000	14	5	947	87	171
3	150000	15	6	926	75	171
3	150000	16	4	879	78	171
3	150000	17	3	838	90	197
3	150000	18	3	846	69	181
3	150000	19	0	809	81	171
3	150000	20	2	765	69	184
3	150000	21	4	761	75	176
3	150000	22	4	722	59	195
3	150000	23	1	730	60	158
3	150000	24	2	680	51	192
3	150000	25	1	688	51	158
3	150000	26	2	662	45	167
3	150000	27	0	642	43	184
3	150000	28	0	602	50	183
3	150000	29	1	557	38	185
3	150000	30	3	559	35	167
3	150000	31	0	543	42	154
3	150000	32	0	518	49	152
3	150000	33	0	519	40	138
3	150000	34	0	479	49	142
3	150000	35	0	460	27	164
3	150000	36	0	441	30	152
3	150000	37	0	408	38	161
3	150000	38	0	426	37	135
3	150000	39	1	389	44	134
3	150000	40	1	375	36	139
3	150000	41	0	373	33	145
3	150000	42	0	368	33	135
3	150000	43	0	363	26	133
3	150000	44	0	363	23	117
3	150000	45	0	326	21	144
3	150000	46	0	335	22	118
3	150000	47	0	319	25	113
3	150000	48	0	316	25	106
3	150000	49	0	292	24	115
3	150000	50	1	287	25	108
3	160000	1	470	319	35	49
3	160000	2	261	405	37	66
3	160000	3	131	549	63	81
3	160000	4	67	658	48	107
3	160000	5	41	728	61	96
3	160000	6	37	742	64	120
3	160000	7	27	780	62	121
3	160000	8	21	744	81	158
3	160000	9	13	764	62	153
3	160000	10	11	739	66	181
3	160000	11	10	751	62	149
3	160000	12	10	709	53	175
3	160000	13	8	681	57	189
3	160000	14	3	683	55	175
3	160000	15	2	624	63	199
3	160000	16	3	619	55	202
3	160000	17	5	622	46	188
3	160000	18	7	578	50	186
3	160000	19	2	574	48	183
3	160000	20	2	549	48	173
3	160000	21	1	515	62	184
3	160000	22	1	476	54	208
3	160000	23	2	471	48	208
3	160000	24	0	461	41	206
3	160000	25	1	437	46	199
3	160000	26	0	437	49	187
3	160000	27	2	444	39	178
3	160000	28	0	416	45	180
3	160000	29	0	376	48	194
3	160000	30	0	358	45	198
3	160000	31	1	351	34	199
3	160000	32	0	344	42	182
3	160000	33	0	329	43	176
3	160000	34	0	316	37	187
3	160000	35	0	308	37	180
3	160000	36	0	290	40	181
3	160000	37	0	289	38	173
3	160000	38	0	278	39	163
3	160000	39	0	277	30	171
3	160000	40	0	255	27	180
3	160000	41	0	247	37	168
3	160000	42	0	250	37	157
3	160000	43	0	239	31	154
3	160000	44	0	233	27	156
3	160000	45	0	234	28	143
3	160000	46	0	209	30	158
3	160000	47	0	227	32	131
3	160000	48	0	188	35	152
3	160000	49	0	182	32	145
3	160000	50	0	174	35	145
3	170000	1	325	995	259	199
3	170000	2	164	1116	222	198
3	170000	3	104	1095	200	197
3	170000	4	65	1133	150	205
3	170000	5	56	1090	156	206
3	170000	6	40	1044	138	193
3	170000	7	37	997	132	207
3	170000	8	26	947	108	212
3	170000	9	25	937	98	214
3	170000	10	10	893	90	193
3	170000	11	12	825	92	201
3	170000	12	14	754	89	199
3	170000	13	12	761	82	177
3	170000	14	7	696	73	193
3	170000	15	7	663	80	171
3	170000	16	8	623	65	189
3	170000	17	8	596	57	171
3	170000	18	3	556	59	160
3	170000	19	8	499	53	166
3	170000	20	4	506	43	150
3	170000	21	3	496	41	126
3	170000	22	4	436	44	133
3	170000	23	0	419	38	125
3	170000	24	5	364	45	131
3	170000	25	1	360	39	109
3	170000	26	1	334	26	122
3	170000	27	0	297	27	121
3	170000	28	1	284	27	95
3	170000	29	1	252	26	110
3	170000	30	1	228	27	106
3	170000	31	2	230	29	82
3	170000	32	0	232	15	84
3	170000	33	0	199	24	91
3	170000	34	0	192	23	87
3	170000	35	0	197	13	74
3	170000	36	1	185	15	73
3	170000	37	0	178	16	56
3	170000	38	2	144	9	82
3	170000	39	0	146	14	65
3	170000	40	2	133	12	57
3	170000	41	0	128	13	57
3	170000	42	0	110	13	62
3	170000	43	0	113	10	55
3	170000	44	0	116	11	41
3	170000	45	0	102	6	47
3	170000	46	1	99	5	45
3	170000	47	0	100	6	43
3	170000	48	0	96	5	38
3	170000	49	0	88	9	35
3	170000	50	0	77	4	43
3	180000	1	280	923	177	194
3	180000	2	176	979	132	227
3	180000	3	92	983	110	224
3	180000	4	63	981	96	208
3	180000	5	40	917	70	218
3	180000	6	35	844	82	223
3	180000	7	20	799	71	193
3	180000	8	23	731	73	166
3	180000	9	15	690	55	156
3	180000	10	16	613	56	165
3	180000	11	10	560	56	166
3	180000	12	12	513	43	156
3	180000	13	9	482	37	142
3	180000	14	3	441	31	137
3	180000	15	3	415	31	119
3	180000	16	6	369	25	113
3	180000	17	4	340	25	113
3	180000	18	0	310	29	105
3	180000	19	2	285	28	101
3	180000	20	2	264	30	88
3	180000	21	2	241	24	95
3	180000	22	1	226	23	81
3	180000	23	2	219	22	74
3	180000	24	0	200	21	75
3	180000	25	0	196	14	71
3	180000	26	0	175	10	68
3	180000	27	0	168	15	53
3	180000	28	1	149	16	57
3	180000	29	0	153	6	48
3	180000	30	1	127	10	57
3	180000	31	0	124	13	47
3	180000	32	0	109	11	48
3	180000	33	0	102	7	48
3	180000	34	1	95	7	46
3	180000	35	0	93	9	40
3	180000	36	0	81	8	39
3	180000	37	0	71	5	45
3	180000	38	1	61	12	41
3	180000	39	0	67	7	36
3	180000	40	0	62	6	37
3	180000	41	0	62	7	34
3	180000	42	0	64	3	30
3	180000	43	0	60	7	24
3	180000	44	0	54	8	26
3	180000	45	0	48	3	35
3	180000	46	0	55	2	25
3	180000	47	0	42	3	29
3	180000	48	0	43	7	21
3	180000	49	0	37	5	27
3	180000	50	0	40	6	19
3	190000	1	833	500	169	103
3	190000	2	287	723	212	152
3	190000	3	108	892	223	176
3	190000	4	62	936	173	193
3	190000	5	49	915	182	201
3	190000	6	27	909	145	212
3	190000	7	21	907	136	200
3	190000	8	24	852	131	211
3	190000	9	16	790	133	228
3	190000	10	13	783	109	203
3	190000	11	11	750	109	203
3	190000	12	9	713	101	206
3	190000	13	2	683	85	215
3	190000	14	3	630	86	215
3	190000	15	3	566	92	232
3	190000	16	6	552	69	223
3	190000	17	4	544	66	197
3	190000	18	4	524	77	185
3	190000	19	1	496	61	185
3	190000	20	2	489	71	171
3	190000	21	3	454	42	178
3	190000	22	3	416	59	177
3	190000	23	1	402	55	169
3	190000	24	0	363	58	188
3	190000	25	0	391	42	153
3	190000	26	1	367	40	154
3	190000	27	0	323	29	173
3	190000	28	0	306	47	148
3	190000	29	1	308	32	146
3	190000	30	0	288	33	142
3	190000	31	0	248	27	162
3	190000	32	0	272	24	143
3	190000	33	0	251	43	135
3	190000	34	0	242	36	131
3	190000	35	0	219	37	134
3	190000	36	0	212	33	126
3	190000	37	0	208	33	114
3	190000	38	0	192	26	120
3	190000	39	0	192	23	111
3	190000	40	0	164	26	117
3	190000	41	0	168	27	107
3	190000	42	0	157	17	110
3	190000	43	0	152	21	109
3	190000	44	0	142	16	111
3	190000	45	0	141	14	103
3	190000	46	0	147	19	86
3	190000	47	0	124	22	95
3	190000	48	0	131	13	82
3	190000	49	0	119	16	81
3	190000	50	0	113	26	70
3	200000	1	56	17	5	15
3	200000	2	6	23	19	5
3	200000	3	0	38	13	7
3	200000	4	1	42	11	5
3	200000	5	0	49	6	6
3	200000	6	0	49	7	6
3	200000	7	0	49	9	4
3	200000	8	0	45	4	8
3	200000	9	0	48	7	4
3	200000	10	0	49	7	7
3	200000	11	0	52	6	6
3	200000	12	0	50	7	6
3	200000	13	0	55	2	6
3	200000	14	0	52	3	8
3	200000	15	0	45	4	10
3	200000	16	0	46	3	14
3	200000	17	0	50	1	12
3	200000	18	0	47	3	13
3	200000	19	0	49	5	8
3	200000	20	0	49	6	7
3	200000	21	0	46	6	11
3	200000	22	0	53	2	8
3	200000	23	0	44	5	13
3	200000	24	0	47	4	11
3	200000	25	0	46	1	16
3	200000	26	0	46	5	11
3	200000	27	0	46	2	15
3	200000	28	0	43	5	14
3	200000	29	0	47	4	11
3	200000	30	0	51	2	10
3	200000	31	0	43	2	17
3	200000	32	0	48	5	10
3	200000	33	0	44	6	13
3	200000	34	0	45	4	13
3	200000	35	0	49	5	9
3	200000	36	0	45	4	14
3	200000	37	0	45	6	12
3	200000	38	0	40	2	21
3	200000	39	0	41	3	19
3	200000	40	0	45	2	16
3	200000	41	0	42	1	20
3	200000	42	0	44	1	18
3	200000	43	0	42	4	17
3	200000	44	0	41	5	17
3	200000	45	0	42	3	18
3	200000	46	0	45	3	14
3	200000	47	0	47	1	15
3	200000	48	0	40	4	19
3	200000	49	0	39	0	24
3	200000	50	0	43	5	15
3	210000	1	275	725	299	231
3	210000	2	141	712	235	226
3	210000	3	70	643	219	212
3	210000	4	44	569	164	192
3	210000	5	26	488	124	179
3	210000	6	22	455	97	161
3	210000	7	9	419	96	131
3	210000	8	11	361	69	137
3	210000	9	6	329	63	124
3	210000	10	7	279	57	124
3	210000	11	4	274	52	97
3	210000	12	2	232	45	111
3	210000	13	2	202	38	92
3	210000	14	5	185	34	79
3	210000	15	0	161	28	88
3	210000	16	0	145	26	85
3	210000	17	1	139	26	73
3	210000	18	1	124	27	66
3	210000	19	1	103	32	65
3	210000	20	0	103	14	63
3	210000	21	0	94	17	49
3	210000	22	1	100	16	32
3	210000	23	0	83	15	41
3	210000	24	0	67	14	40
3	210000	25	0	61	11	39
3	210000	26	0	46	12	36
3	210000	27	0	52	8	27
3	210000	28	0	48	12	22
3	210000	29	0	39	9	26
3	210000	30	0	38	11	17
3	210000	31	0	33	8	19
3	210000	32	0	33	7	18
3	210000	33	0	33	3	16
3	210000	34	0	28	5	14
3	210000	35	0	25	4	11
3	210000	36	0	23	5	10
3	210000	37	0	20	5	9
3	210000	38	0	14	2	13
3	210000	39	0	15	3	10
3	210000	40	0	18	0	8
3	210000	41	0	14	3	8
3	210000	42	0	10	2	13
3	210000	43	0	8	5	8
3	210000	44	0	6	4	11
3	210000	45	0	8	2	9
3	210000	46	0	12	3	4
3	210000	47	0	7	3	8
3	210000	48	0	8	2	7
3	210000	49	0	6	2	7
3	210000	50	0	6	3	3
3	220000	1	355	519	193	88
3	220000	2	182	628	175	103
3	220000	3	87	634	166	133
3	220000	4	65	612	139	143
3	220000	5	43	611	135	145
3	220000	6	23	590	110	166
3	220000	7	21	564	108	150
3	220000	8	11	550	74	156
3	220000	9	7	506	71	174
3	220000	10	9	481	66	163
3	220000	11	8	425	69	170
3	220000	12	6	409	75	156
3	220000	13	5	399	60	129
3	220000	14	6	360	51	136
3	220000	15	5	338	38	147
3	220000	16	2	321	38	136
3	220000	17	1	297	43	113
3	220000	18	3	285	41	107
3	220000	19	1	271	31	109
3	220000	20	0	232	36	112
3	220000	21	0	211	30	120
3	220000	22	2	211	22	104
3	220000	23	1	214	28	79
3	220000	24	0	194	20	92
3	220000	25	0	179	26	84
3	220000	26	0	158	32	83
3	220000	27	1	158	25	85
3	220000	28	0	154	26	71
3	220000	29	0	144	21	72
3	220000	30	0	134	28	65
3	220000	31	2	106	24	77
3	220000	32	0	113	20	56
3	220000	33	0	106	19	62
3	220000	34	0	106	19	51
3	220000	35	0	89	18	58
3	220000	36	0	86	13	56
3	220000	37	1	82	18	47
3	220000	38	0	71	8	57
3	220000	39	0	66	10	53
3	220000	40	0	76	12	32
3	220000	41	0	62	11	39
3	220000	42	0	64	5	38
3	220000	43	0	56	8	40
3	220000	44	0	44	9	46
3	220000	45	0	39	8	44
3	220000	46	0	44	13	27
3	220000	47	0	46	10	22
3	220000	48	0	44	9	25
3	220000	49	0	38	7	27
3	220000	50	0	33	13	23
3	230000	1	184	418	93	90
3	230000	2	65	430	99	102
3	230000	3	27	437	92	105
3	230000	4	31	394	67	111
3	230000	5	15	392	65	87
3	230000	6	14	370	56	84
3	230000	7	9	333	54	86
3	230000	8	6	309	38	95
3	230000	9	5	295	43	75
3	230000	10	10	248	37	83
3	230000	11	4	240	31	76
3	230000	12	2	212	32	71
3	230000	13	1	193	31	86
3	230000	14	2	198	18	67
3	230000	15	1	186	24	47
3	230000	16	0	162	24	53
3	230000	17	0	135	21	63
3	230000	18	0	132	13	59
3	230000	19	0	123	11	52
3	230000	20	0	109	13	42
3	230000	21	0	99	17	39
3	230000	22	0	90	15	41
3	230000	23	0	95	9	32
3	230000	24	0	76	13	35
3	230000	25	1	75	10	31
3	230000	26	0	68	8	28
3	230000	27	0	64	6	28
3	230000	28	0	62	9	19
3	230000	29	0	48	11	26
3	230000	30	0	50	3	24
3	230000	31	0	46	9	19
3	230000	32	0	42	3	20
3	230000	33	0	35	7	17
3	230000	34	0	31	2	21
3	230000	35	0	30	4	17
3	230000	36	0	32	2	12
3	230000	37	0	22	4	18
3	230000	38	0	30	3	5
3	230000	39	0	22	2	10
3	230000	40	0	26	2	4
3	230000	41	0	19	8	4
3	230000	42	0	18	4	6
3	230000	43	0	16	3	8
3	230000	44	0	14	0	12
3	230000	45	0	15	2	8
3	230000	46	0	12	1	9
3	230000	47	0	12	2	8
3	230000	48	0	11	3	7
3	230000	49	0	14	2	3
3	230000	50	0	8	2	7
3	240000	1	252	612	129	113
3	240000	2	134	676	135	98
3	240000	3	73	666	114	97
3	240000	4	43	668	94	98
3	240000	5	25	639	93	91
3	240000	6	25	579	72	108
3	240000	7	9	570	78	98
3	240000	8	11	524	59	123
3	240000	9	5	528	55	105
3	240000	10	7	495	58	102
3	240000	11	2	452	55	103
3	240000	12	7	423	40	118
3	240000	13	1	382	40	129
3	240000	14	3	376	45	112
3	240000	15	2	375	35	106
3	240000	16	7	331	35	108
3	240000	17	3	321	31	104
3	240000	18	3	307	36	97
3	240000	19	3	296	32	86
3	240000	20	0	275	28	95
3	240000	21	2	268	22	90
3	240000	22	5	247	27	84
3	240000	23	1	223	27	90
3	240000	24	1	211	25	70
3	240000	25	1	185	26	73
3	240000	26	0	170	18	78
3	240000	27	0	169	11	72
3	240000	28	1	152	10	65
3	240000	29	0	140	17	54
3	240000	30	1	127	10	63
3	240000	31	0	117	11	66
3	240000	32	0	124	12	50
3	240000	33	0	117	16	43
3	240000	34	0	113	11	46
3	240000	35	0	105	5	48
3	240000	36	0	91	13	39
3	240000	37	2	84	9	45
3	240000	38	0	80	3	46
3	240000	39	0	82	9	27
3	240000	40	0	76	5	31
3	240000	41	0	56	9	40
3	240000	42	0	59	7	31
3	240000	43	0	54	5	35
3	240000	44	0	61	5	26
3	240000	45	0	43	4	34
3	240000	46	0	50	4	24
3	240000	47	0	38	6	24
3	240000	48	0	44	2	19
3	240000	49	0	47	3	14
3	240000	50	0	39	5	14
3	250000	1	131	321	75	48
3	250000	2	83	349	79	43
3	250000	3	35	359	69	61
3	250000	4	20	345	65	69
3	250000	5	11	319	61	69
3	250000	6	11	311	49	62
3	250000	7	7	292	41	67
3	250000	8	8	266	48	70
3	250000	9	7	278	25	64
3	250000	10	3	247	24	74
3	250000	11	2	228	26	68
3	250000	12	2	217	27	59
3	250000	13	1	217	20	47
3	250000	14	4	188	23	51
3	250000	15	1	181	17	46
3	250000	16	1	162	16	49
3	250000	17	1	165	9	44
3	250000	18	3	150	7	51
3	250000	19	1	141	12	42
3	250000	20	0	130	13	38
3	250000	21	0	113	14	34
3	250000	22	1	117	11	28
3	250000	23	0	98	5	40
3	250000	24	0	96	6	35
3	250000	25	0	95	2	35
3	250000	26	0	98	3	25
3	250000	27	0	83	6	26
3	250000	28	0	61	6	34
3	250000	29	0	69	1	22
3	250000	30	0	58	5	26
3	250000	31	0	60	5	21
3	250000	32	0	58	2	21
3	250000	33	0	52	4	18
3	250000	34	0	47	6	15
3	250000	35	0	45	2	17
3	250000	36	0	43	2	16
3	250000	37	0	45	0	15
3	250000	38	0	45	3	9
3	250000	39	0	39	2	13
3	250000	40	0	34	2	14
3	250000	41	0	34	0	13
3	250000	42	1	25	1	17
3	250000	43	0	29	1	11
3	250000	44	0	25	2	13
3	250000	45	0	28	3	7
3	250000	46	0	25	2	8
3	250000	47	0	28	1	7
3	250000	48	0	25	2	6
3	250000	49	0	19	2	11
3	250000	50	0	23	0	6
3	260000	1	61	400	103	64
3	260000	2	30	354	80	82
3	260000	3	19	297	52	90
3	260000	4	18	259	46	69
3	260000	5	10	223	57	54
3	260000	6	5	182	41	72
3	260000	7	10	157	35	58
3	260000	8	2	149	33	56
3	260000	9	3	149	22	50
3	260000	10	2	132	19	44
3	260000	11	2	114	18	39
3	260000	12	1	102	11	33
3	260000	13	1	84	14	35
3	260000	14	4	75	15	30
3	260000	15	0	66	13	33
3	260000	16	0	67	9	29
3	260000	17	0	67	7	23
3	260000	18	1	50	10	23
3	260000	19	0	48	9	19
3	260000	20	0	45	11	18
3	260000	21	0	34	8	22
3	260000	22	0	39	5	18
3	260000	23	0	34	5	18
3	260000	24	0	34	3	11
3	260000	25	0	24	5	14
3	260000	26	1	27	4	7
3	260000	27	0	21	3	14
3	260000	28	1	19	4	12
3	260000	29	0	24	2	8
3	260000	30	0	16	4	9
3	260000	31	0	13	5	10
3	260000	32	0	16	4	7
3	260000	33	0	17	2	7
3	260000	34	0	13	0	8
3	260000	35	0	10	2	6
3	260000	36	0	11	2	3
3	260000	37	0	8	1	7
3	260000	38	0	8	2	5
3	260000	39	0	8	1	5
3	260000	40	0	7	3	3
3	260000	41	0	7	2	3
3	260000	42	0	7	1	4
3	260000	43	0	8	0	4
3	260000	44	0	2	5	4
3	260000	45	0	7	1	3
3	260000	46	0	3	1	6
3	260000	47	0	4	1	5
3	260000	48	0	5	0	4
3	260000	49	0	4	3	1
3	260000	50	0	4	3	1
3	270000	1	140	55	22	10
3	270000	2	29	111	33	5
3	270000	3	13	137	36	9
3	270000	4	5	134	37	12
3	270000	5	1	144	33	15
3	270000	6	2	137	31	22
3	270000	7	2	146	20	28
3	270000	8	0	134	27	27
3	270000	9	0	145	24	25
3	270000	10	1	142	19	28
3	270000	11	0	138	16	35
3	270000	12	1	148	13	26
3	270000	13	0	139	17	27
3	270000	14	1	141	14	31
3	270000	15	0	134	15	35
3	270000	16	0	121	19	42
3	270000	17	0	124	12	40
3	270000	18	0	132	13	38
3	270000	19	0	126	20	37
3	270000	20	0	131	13	31
3	270000	21	0	128	16	35
3	270000	22	0	123	8	43
3	270000	23	0	125	11	37
3	270000	24	0	110	10	54
3	270000	25	0	117	11	46
3	270000	26	0	109	10	49
3	270000	27	0	117	12	42
3	270000	28	0	113	8	44
3	270000	29	0	105	17	44
3	270000	30	0	106	15	41
3	270000	31	0	108	9	37
3	270000	32	0	90	9	53
3	270000	33	0	96	11	44
3	270000	34	0	107	12	29
3	270000	35	0	91	15	37
3	270000	36	0	84	12	47
3	270000	37	0	90	8	41
3	270000	38	0	94	6	34
3	270000	39	0	87	9	34
3	270000	40	0	75	12	42
3	270000	41	0	88	3	35
3	270000	42	0	82	7	36
3	270000	43	0	78	7	35
3	270000	44	0	75	6	40
3	270000	45	0	66	7	44
3	270000	46	0	71	9	37
3	270000	47	0	65	11	38
3	270000	48	0	72	10	30
3	270000	49	0	68	5	41
3	270000	50	0	67	9	35
3	280000	1	52	224	60	49
3	280000	2	27	265	38	44
3	280000	3	17	252	32	57
3	280000	4	9	268	23	40
3	280000	5	8	239	22	48
3	280000	6	3	235	20	46
3	280000	7	4	221	20	42
3	280000	8	3	207	20	38
3	280000	9	4	191	21	31
3	280000	10	2	178	10	40
3	280000	11	4	166	11	40
3	280000	12	2	154	12	43
3	280000	13	1	134	12	47
3	280000	14	0	137	10	38
3	280000	15	1	127	12	33
3	280000	16	3	114	3	42
3	280000	17	0	110	9	31
3	280000	18	2	101	12	30
3	280000	19	0	106	7	27
3	280000	20	0	96	6	28
3	280000	21	0	86	6	28
3	280000	22	2	78	6	30
3	280000	23	1	86	6	15
3	280000	24	0	66	3	31
3	280000	25	0	62	2	31
3	280000	26	1	61	7	18
3	280000	27	0	56	4	21
3	280000	28	1	49	5	22
3	280000	29	0	51	1	20
3	280000	30	0	44	3	22
3	280000	31	0	45	3	19
3	280000	32	0	46	2	17
3	280000	33	0	38	1	21
3	280000	34	0	34	4	18
3	280000	35	0	35	6	13
3	280000	36	1	32	2	16
3	280000	37	0	35	2	11
3	280000	38	0	30	7	10
3	280000	39	1	22	1	17
3	280000	40	0	29	1	8
3	280000	41	0	21	3	10
3	280000	42	0	17	5	9
3	280000	43	0	20	2	7
3	280000	44	0	18	1	9
3	280000	45	0	15	1	13
3	280000	46	0	16	2	8
3	280000	47	0	16	1	9
3	280000	48	0	20	1	4
3	280000	49	0	12	1	9
3	280000	50	0	13	3	5
3	290000	1	459	298	109	51
3	290000	2	159	437	123	63
3	290000	3	90	558	114	75
3	290000	4	49	620	112	83
3	290000	5	30	636	102	110
3	290000	6	20	665	68	117
3	290000	7	19	648	77	114
3	290000	8	15	606	69	141
3	290000	9	10	604	75	130
3	290000	10	13	611	66	106
3	290000	11	9	587	47	117
3	290000	12	4	546	52	148
3	290000	13	3	530	55	132
3	290000	14	6	503	50	122
3	290000	15	3	493	44	129
3	290000	16	4	450	50	119
3	290000	17	4	443	43	116
3	290000	18	2	415	41	117
3	290000	19	3	395	36	118
3	290000	20	1	386	31	110
3	290000	21	0	350	37	109
3	290000	22	1	330	40	100
3	290000	23	1	298	28	113
3	290000	24	0	281	31	98
3	290000	25	1	270	24	107
3	290000	26	1	253	22	101
3	290000	27	1	253	26	84
3	290000	28	0	223	33	87
3	290000	29	0	201	29	91
3	290000	30	0	211	16	76
3	290000	31	0	202	7	72
3	290000	32	0	174	22	71
3	290000	33	0	162	7	72
3	290000	34	0	163	14	63
3	290000	35	0	144	14	66
3	290000	36	0	142	15	54
3	290000	37	0	131	14	56
3	290000	38	0	117	13	61
3	290000	39	0	101	14	66
3	290000	40	0	103	10	58
3	290000	41	0	101	11	53
3	290000	42	0	99	8	50
3	290000	43	0	78	13	60
3	290000	44	0	98	8	39
3	290000	45	0	86	9	45
3	290000	46	0	85	4	43
3	290000	47	0	68	9	47
3	290000	48	0	62	5	47
3	290000	49	0	58	9	45
3	290000	50	0	55	5	46
3	300000	1	390	945	469	274
3	300000	2	216	958	427	293
3	300000	3	131	970	341	293
3	300000	4	70	920	261	296
3	300000	5	52	853	238	274
3	300000	6	28	819	198	266
3	300000	7	30	747	164	244
3	300000	8	18	702	123	248
3	300000	9	17	632	105	238
3	300000	10	10	583	103	213
3	300000	11	11	517	91	198
3	300000	12	10	468	73	192
3	300000	13	8	429	59	181
3	300000	14	6	395	52	159
3	300000	15	3	372	49	135
3	300000	16	4	317	40	147
3	300000	17	1	297	37	123
3	300000	18	0	272	35	111
3	300000	19	2	246	32	103
3	300000	20	1	213	28	98
3	300000	21	0	199	30	91
3	300000	22	2	170	27	107
3	300000	23	1	174	29	83
3	300000	24	0	155	26	77
3	300000	25	0	139	23	73
3	300000	26	0	126	18	71
3	300000	27	0	124	14	59
3	300000	28	0	111	15	63
3	300000	29	0	113	11	55
3	300000	30	1	104	12	52
3	300000	31	0	119	10	36
3	300000	32	0	98	16	39
3	300000	33	1	88	10	43
3	300000	34	0	82	6	41
3	300000	35	0	65	12	46
3	300000	36	0	71	14	29
3	300000	37	0	71	6	37
3	300000	38	0	55	5	47
3	300000	39	0	68	9	25
3	300000	40	0	52	7	37
3	300000	41	0	61	6	27
3	300000	42	0	50	8	32
3	300000	43	1	58	2	26
3	300000	44	0	48	5	30
3	300000	45	0	44	4	34
3	300000	46	0	34	5	37
3	300000	47	0	43	5	26
3	300000	48	0	35	6	34
3	300000	49	0	32	5	37
3	300000	50	0	36	7	26
4	100000	1	390	1951	936	866
4	100000	2	235	1660	598	772
4	100000	3	164	1408	377	680
4	100000	4	93	1198	276	568
4	100000	5	45	1025	198	523
4	100000	6	33	905	156	448
4	100000	7	35	733	137	398
4	100000	8	17	655	112	328
4	100000	9	12	530	87	301
4	100000	10	14	425	70	291
4	100000	11	12	385	57	232
4	100000	12	5	326	60	196
4	100000	13	6	277	45	170
4	100000	14	2	227	35	169
4	100000	15	2	197	26	144
4	100000	16	2	173	35	126
4	100000	17	0	156	22	116
4	100000	18	4	119	19	111
4	100000	19	0	96	21	95
4	100000	20	0	97	13	78
4	100000	21	3	80	13	70
4	100000	22	0	68	12	66
4	100000	23	1	60	14	57
4	100000	24	2	53	15	48
4	100000	25	0	48	8	44
4	100000	26	0	33	13	42
4	100000	27	0	42	3	32
4	100000	28	0	34	3	34
4	100000	29	0	27	5	34
4	100000	30	0	25	4	33
4	100000	31	0	25	2	30
4	100000	32	0	20	2	26
4	100000	33	0	19	3	20
4	100000	34	0	14	2	21
4	100000	35	0	14	3	17
4	100000	36	0	13	1	16
4	100000	37	0	11	3	14
4	100000	38	1	9	2	15
4	100000	39	0	8	2	17
4	100000	40	0	12	3	10
4	100000	41	0	12	3	7
4	100000	42	0	10	2	7
4	100000	43	0	4	3	9
4	100000	44	0	3	2	9
4	100000	45	0	6	3	5
4	100000	46	0	8	0	6
4	100000	47	0	7	0	6
4	100000	48	0	4	1	8
4	100000	49	0	7	1	5
4	100000	50	0	4	1	5
4	110000	1	24	468	92	157
4	110000	2	22	379	44	102
4	110000	3	14	278	34	86
4	110000	4	5	220	27	65
4	110000	5	5	190	15	54
4	110000	6	3	161	10	46
4	110000	7	3	124	12	36
4	110000	8	2	114	7	28
4	110000	9	1	89	6	29
4	110000	10	0	83	5	23
4	110000	11	2	65	6	25
4	110000	12	2	61	5	19
4	110000	13	0	53	2	16
4	110000	14	0	38	3	18
4	110000	15	1	36	1	17
4	110000	16	0	36	3	13
4	110000	17	1	23	5	16
4	110000	18	0	25	0	11
4	110000	19	0	24	1	8
4	110000	20	2	20	0	6
4	110000	21	0	14	1	8
4	110000	22	0	14	0	5
4	110000	23	0	11	0	4
4	110000	24	0	7	0	5
4	110000	25	0	5	0	7
4	110000	26	0	6	0	5
4	110000	27	1	6	1	3
4	110000	28	0	6	0	3
4	110000	29	0	5	0	2
4	110000	30	0	5	0	2
4	110000	31	0	3	0	3
4	110000	32	0	4	1	1
4	110000	33	0	3	0	2
4	110000	34	0	2	0	1
4	110000	35	0	0	0	2
4	110000	36	0	1	0	1
4	110000	37	0	1	0	0
4	110000	38	0	1	0	0
4	110000	39	0	1	0	0
4	110000	40	0	1	0	0
4	110000	41	0	1	0	0
4	110000	42	0	1	0	0
4	110000	43	0	1	0	0
4	110000	44	0	0	0	1
4	110000	45	0	1	0	0
4	110000	46	0	0	0	1
4	110000	47	0	1	0	0
4	110000	48	0	1	0	0
4	110000	49	0	1	0	0
4	110000	50	0	1	0	0
4	120000	1	388	950	454	361
4	120000	2	199	885	336	374
4	120000	3	128	833	239	337
4	120000	4	68	737	195	334
4	120000	5	35	698	164	296
4	120000	6	43	602	127	284
4	120000	7	17	573	99	238
4	120000	8	17	495	83	231
4	120000	9	14	430	73	214
4	120000	10	9	372	65	191
4	120000	11	7	305	64	187
4	120000	12	4	300	53	162
4	120000	13	5	235	44	175
4	120000	14	5	226	43	145
4	120000	15	2	194	33	144
4	120000	16	2	172	25	133
4	120000	17	1	157	22	110
4	120000	18	0	136	22	100
4	120000	19	1	125	23	90
4	120000	20	1	101	16	102
4	120000	21	2	90	27	80
4	120000	22	0	97	14	71
4	120000	23	0	83	21	62
4	120000	24	0	70	19	60
4	120000	25	0	67	13	55
4	120000	26	0	62	9	51
4	120000	27	0	47	7	59
4	120000	28	0	53	5	47
4	120000	29	0	46	11	39
4	120000	30	0	43	8	31
4	120000	31	0	38	4	35
4	120000	32	0	36	4	30
4	120000	33	0	35	4	25
4	120000	34	1	24	4	27
4	120000	35	0	21	5	24
4	120000	36	0	18	5	25
4	120000	37	0	22	3	17
4	120000	38	0	16	7	17
4	120000	39	0	15	5	18
4	120000	40	0	16	4	15
4	120000	41	0	10	3	21
4	120000	42	0	14	1	17
4	120000	43	0	12	2	15
4	120000	44	1	13	1	14
4	120000	45	0	12	3	13
4	120000	46	0	12	2	13
4	120000	47	0	9	1	15
4	120000	48	0	8	3	10
4	120000	49	0	7	2	12
4	120000	50	0	8	0	8
4	130000	1	516	2038	483	424
4	130000	2	304	1996	360	440
4	130000	3	215	1897	276	413
4	130000	4	136	1820	192	386
4	130000	5	89	1720	174	319
4	130000	6	69	1509	147	358
4	130000	7	53	1363	125	351
4	130000	8	41	1267	107	305
4	130000	9	34	1126	96	299
4	130000	10	17	1044	89	282
4	130000	11	14	983	61	252
4	130000	12	15	851	67	256
4	130000	13	9	792	71	215
4	130000	14	14	725	63	210
4	130000	15	9	673	41	216
4	130000	16	8	577	56	212
4	130000	17	10	568	37	184
4	130000	18	2	515	36	190
4	130000	19	4	467	32	176
4	130000	20	3	441	22	159
4	130000	21	4	397	24	147
4	130000	22	7	361	30	137
4	130000	23	2	326	25	133
4	130000	24	0	299	17	137
4	130000	25	1	270	23	128
4	130000	26	3	261	18	101
4	130000	27	0	227	20	109
4	130000	28	0	219	18	86
4	130000	29	1	211	13	85
4	130000	30	0	194	11	90
4	130000	31	1	172	14	78
4	130000	32	1	135	13	86
4	130000	33	2	142	10	74
4	130000	34	0	134	11	63
4	130000	35	1	117	8	65
4	130000	36	1	106	10	58
4	130000	37	0	100	10	50
4	130000	38	0	79	5	59
4	130000	39	0	80	6	47
4	130000	40	0	80	6	43
4	130000	41	2	70	7	32
4	130000	42	0	61	4	34
4	130000	43	0	56	2	29
4	130000	44	0	47	1	34
4	130000	45	0	53	2	22
4	130000	46	0	46	2	24
4	130000	47	0	43	3	20
4	130000	48	0	29	1	23
4	130000	49	0	28	2	16
4	130000	50	0	26	3	11
4	140000	1	295	1263	196	332
4	140000	2	121	1158	160	236
4	140000	3	87	1058	110	216
4	140000	4	51	903	93	197
4	140000	5	30	786	97	163
4	140000	6	36	695	70	163
4	140000	7	19	645	60	143
4	140000	8	11	561	54	158
4	140000	9	17	500	51	134
4	140000	10	6	457	37	131
4	140000	11	13	419	37	112
4	140000	12	4	375	35	109
4	140000	13	4	344	33	93
4	140000	14	2	314	22	94
4	140000	15	4	267	19	92
4	140000	16	1	245	21	89
4	140000	17	5	218	21	93
4	140000	18	0	221	18	77
4	140000	19	0	197	26	80
4	140000	20	0	178	14	94
4	140000	21	2	173	15	75
4	140000	22	0	172	16	62
4	140000	23	0	133	19	76
4	140000	24	1	135	8	67
4	140000	25	0	118	16	67
4	140000	26	0	125	12	49
4	140000	27	0	119	10	42
4	140000	28	0	100	8	54
4	140000	29	0	88	10	52
4	140000	30	0	85	14	39
4	140000	31	1	66	7	51
4	140000	32	0	73	7	37
4	140000	33	0	67	4	38
4	140000	34	0	55	8	38
4	140000	35	1	66	3	30
4	140000	36	0	56	2	35
4	140000	37	0	46	6	32
4	140000	38	0	45	7	29
4	140000	39	0	42	4	30
4	140000	40	0	44	4	27
4	140000	41	0	39	5	28
4	140000	42	0	35	1	33
4	140000	43	0	40	4	23
4	140000	44	0	36	3	26
4	140000	45	1	24	6	27
4	140000	46	0	26	0	29
4	140000	47	0	35	3	14
4	140000	48	0	34	1	14
4	140000	49	0	18	5	25
4	140000	50	0	28	1	18
4	150000	1	776	2029	595	482
4	150000	2	503	2065	465	436
4	150000	3	304	2047	398	459
4	150000	4	170	2065	327	464
4	150000	5	104	1976	278	464
4	150000	6	92	1844	246	433
4	150000	7	60	1753	202	455
4	150000	8	45	1682	188	417
4	150000	9	38	1560	151	402
4	150000	10	27	1455	144	408
4	150000	11	23	1386	155	363
4	150000	12	19	1264	128	375
4	150000	13	19	1185	109	380
4	150000	14	6	1140	97	335
4	150000	15	7	1051	90	362
4	150000	16	13	963	83	299
4	150000	17	7	924	72	287
4	150000	18	8	855	69	297
4	150000	19	3	779	66	289
4	150000	20	1	758	57	244
4	150000	21	3	689	57	256
4	150000	22	4	633	50	251
4	150000	23	2	559	49	269
4	150000	24	2	543	54	215
4	150000	25	3	501	39	223
4	150000	26	0	466	40	213
4	150000	27	0	456	39	188
4	150000	28	0	420	31	189
4	150000	29	1	410	31	171
4	150000	30	1	374	40	152
4	150000	31	0	342	38	164
4	150000	32	1	336	25	146
4	150000	33	0	299	37	153
4	150000	34	0	259	24	157
4	150000	35	1	260	14	150
4	150000	36	0	240	23	131
4	150000	37	0	232	19	122
4	150000	38	0	221	16	117
4	150000	39	0	209	16	104
4	150000	40	0	209	14	97
4	150000	41	0	198	18	89
4	150000	42	0	189	9	79
4	150000	43	0	167	15	78
4	150000	44	0	152	14	78
4	150000	45	1	142	10	73
4	150000	46	0	137	9	66
4	150000	47	0	116	7	77
4	150000	48	0	122	9	62
4	150000	49	0	102	13	68
4	150000	50	0	106	14	56
4	160000	1	669	1111	302	313
4	160000	2	445	1276	243	326
4	160000	3	273	1387	215	357
4	160000	4	203	1469	191	348
4	160000	5	102	1494	166	403
4	160000	6	85	1447	158	406
4	160000	7	69	1434	132	394
4	160000	8	40	1363	116	414
4	160000	9	45	1339	113	376
4	160000	10	27	1223	123	384
4	160000	11	34	1147	90	396
4	160000	12	17	1112	105	370
4	160000	13	33	1034	82	394
4	160000	14	12	979	115	333
4	160000	15	9	942	83	359
4	160000	16	8	889	79	344
4	160000	17	10	826	76	343
4	160000	18	7	763	75	314
4	160000	19	3	719	71	326
4	160000	20	2	663	82	316
4	160000	21	4	672	62	286
4	160000	22	1	591	62	323
4	160000	23	1	576	60	284
4	160000	24	2	544	53	280
4	160000	25	3	517	53	279
4	160000	26	4	499	49	249
4	160000	27	1	449	44	276
4	160000	28	0	428	45	275
4	160000	29	0	393	54	247
4	160000	30	0	379	46	231
4	160000	31	1	338	43	241
4	160000	32	1	347	45	220
4	160000	33	0	323	42	213
4	160000	34	0	304	35	208
4	160000	35	0	289	36	207
4	160000	36	0	269	36	192
4	160000	37	0	250	36	193
4	160000	38	0	265	30	169
4	160000	39	0	245	34	172
4	160000	40	1	235	23	169
4	160000	41	0	204	34	175
4	160000	42	1	204	32	160
4	160000	43	1	188	34	156
4	160000	44	0	191	25	152
4	160000	45	0	175	25	152
4	160000	46	0	162	19	157
4	160000	47	0	142	26	155
4	160000	48	0	148	18	150
4	160000	49	0	148	17	142
4	160000	50	0	122	26	142
4	170000	1	236	1654	502	526
4	170000	2	164	1522	413	527
4	170000	3	110	1421	306	477
4	170000	4	76	1279	226	447
4	170000	5	33	1136	186	427
4	170000	6	37	997	159	377
4	170000	7	31	857	149	345
4	170000	8	18	737	127	296
4	170000	9	17	684	85	267
4	170000	10	9	589	85	247
4	170000	11	10	515	80	226
4	170000	12	9	448	71	211
4	170000	13	6	401	55	185
4	170000	14	6	334	51	166
4	170000	15	3	304	28	144
4	170000	16	2	243	37	135
4	170000	17	4	226	24	125
4	170000	18	3	213	18	106
4	170000	19	2	170	17	107
4	170000	20	1	159	18	83
4	170000	21	1	136	12	79
4	170000	22	0	128	15	64
4	170000	23	0	104	15	68
4	170000	24	0	93	10	69
4	170000	25	1	95	11	53
4	170000	26	0	85	11	50
4	170000	27	1	80	2	51
4	170000	28	0	62	6	53
4	170000	29	1	66	4	41
4	170000	30	2	54	7	38
4	170000	31	0	51	6	34
4	170000	32	0	40	5	37
4	170000	33	1	38	5	30
4	170000	34	0	37	2	25
4	170000	35	0	23	5	26
4	170000	36	0	28	1	21
4	170000	37	0	33	4	13
4	170000	38	1	21	3	18
4	170000	39	0	19	2	19
4	170000	40	0	19	0	18
4	170000	41	0	17	2	15
4	170000	42	0	12	4	13
4	170000	43	0	11	0	14
4	170000	44	1	11	0	12
4	170000	45	0	10	0	12
4	170000	46	0	7	0	14
4	170000	47	0	14	1	5
4	170000	48	0	8	1	6
4	170000	49	0	5	1	7
4	170000	50	0	7	1	5
4	180000	1	219	1674	388	518
4	180000	2	157	1398	275	459
4	180000	3	71	1224	199	411
4	180000	4	59	1032	157	323
4	180000	5	44	887	124	300
4	180000	6	31	751	97	280
4	180000	7	30	622	77	254
4	180000	8	26	554	53	230
4	180000	9	12	485	60	195
4	180000	10	13	377	53	197
4	180000	11	11	360	41	154
4	180000	12	4	309	33	150
4	180000	13	3	274	30	141
4	180000	14	1	235	21	141
4	180000	15	3	211	26	121
4	180000	16	1	182	17	121
4	180000	17	2	160	20	96
4	180000	18	2	143	19	74
4	180000	19	1	134	17	69
4	180000	20	1	118	8	74
4	180000	21	0	104	10	70
4	180000	22	0	81	9	74
4	180000	23	0	79	9	63
4	180000	24	3	76	8	53
4	180000	25	0	63	6	59
4	180000	26	0	74	3	43
4	180000	27	0	68	9	36
4	180000	28	0	59	5	41
4	180000	29	0	53	7	37
4	180000	30	1	39	9	46
4	180000	31	1	46	11	28
4	180000	32	0	41	7	32
4	180000	33	0	38	3	30
4	180000	34	0	37	5	23
4	180000	35	0	29	3	26
4	180000	36	0	29	4	20
4	180000	37	0	21	2	23
4	180000	38	0	20	3	18
4	180000	39	0	24	3	11
4	180000	40	0	17	2	15
4	180000	41	0	13	3	14
4	180000	42	1	9	1	14
4	180000	43	0	9	1	15
4	180000	44	0	13	1	8
4	180000	45	0	8	0	13
4	180000	46	0	11	0	10
4	180000	47	0	6	1	11
4	180000	48	0	9	0	8
4	180000	49	0	7	1	8
4	180000	50	0	7	2	6
4	190000	1	857	1254	534	397
4	190000	2	489	1463	445	437
4	190000	3	235	1513	383	448
4	190000	4	129	1465	316	455
4	190000	5	86	1403	255	437
4	190000	6	44	1310	209	421
4	190000	7	48	1137	196	406
4	190000	8	41	1030	165	375
4	190000	9	27	946	155	367
4	190000	10	17	859	142	350
4	190000	11	17	775	130	342
4	190000	12	10	678	94	324
4	190000	13	8	628	102	300
4	190000	14	5	555	89	306
4	190000	15	3	519	66	284
4	190000	16	3	473	58	277
4	190000	17	1	451	60	230
4	190000	18	0	361	61	244
4	190000	19	2	340	53	214
4	190000	20	0	330	48	187
4	190000	21	2	283	40	190
4	190000	22	1	235	48	198
4	190000	23	0	251	32	165
4	190000	24	1	216	30	176
4	190000	25	0	221	30	127
4	190000	26	1	182	46	133
4	190000	27	0	157	30	137
4	190000	28	1	132	27	136
4	190000	29	0	125	24	131
4	190000	30	2	125	27	109
4	190000	31	0	113	19	105
4	190000	32	0	105	23	98
4	190000	33	0	105	15	96
4	190000	34	0	103	15	83
4	190000	35	0	90	17	76
4	190000	36	0	71	18	83
4	190000	37	0	70	15	72
4	190000	38	0	69	10	71
4	190000	39	0	57	14	59
4	190000	40	0	55	9	55
4	190000	41	0	50	8	52
4	190000	42	0	37	11	50
4	190000	43	0	43	13	38
4	190000	44	0	34	10	43
4	190000	45	0	27	10	41
4	190000	46	0	24	8	43
4	190000	47	0	28	6	34
4	190000	48	0	25	4	37
4	190000	49	0	28	5	28
4	190000	50	0	24	3	29
4	200000	1	53	25	32	27
4	200000	2	75	43	30	28
4	200000	3	16	95	25	51
4	200000	4	12	131	21	44
4	200000	5	5	122	16	57
4	200000	6	7	137	21	45
4	200000	7	1	138	17	57
4	200000	8	3	125	13	62
4	200000	9	2	131	13	54
4	200000	10	1	132	14	56
4	200000	11	3	124	12	62
4	200000	12	1	139	11	45
4	200000	13	0	124	16	54
4	200000	14	3	118	13	58
4	200000	15	1	111	16	66
4	200000	16	3	119	14	59
4	200000	17	0	121	11	58
4	200000	18	1	105	13	66
4	200000	19	0	100	8	73
4	200000	20	1	102	18	59
4	200000	21	0	90	14	73
4	200000	22	0	89	13	72
4	200000	23	0	90	12	68
4	200000	24	0	95	12	64
4	200000	25	1	87	14	61
4	200000	26	0	89	13	67
4	200000	27	1	86	13	62
4	200000	28	0	84	9	66
4	200000	29	0	77	8	71
4	200000	30	0	85	11	54
4	200000	31	0	83	8	55
4	200000	32	0	78	10	56
4	200000	33	0	73	8	62
4	200000	34	0	74	6	62
4	200000	35	0	77	5	57
4	200000	36	0	71	7	58
4	200000	37	0	63	7	60
4	200000	38	0	63	5	61
4	200000	39	0	60	9	56
4	200000	40	0	48	9	62
4	200000	41	0	51	11	58
4	200000	42	0	62	6	49
4	200000	43	0	56	6	50
4	200000	44	0	56	7	50
4	200000	45	0	48	9	50
4	200000	46	0	50	7	47
4	200000	47	0	49	5	47
4	200000	48	0	46	7	47
4	200000	49	0	49	2	47
4	200000	50	0	41	5	51
4	210000	1	213	921	505	413
4	210000	2	129	749	339	369
4	210000	3	72	635	226	311
4	210000	4	36	519	178	267
4	210000	5	24	397	111	252
4	210000	6	17	329	94	210
4	210000	7	14	287	68	168
4	210000	8	6	230	54	159
4	210000	9	5	194	52	126
4	210000	10	5	163	41	107
4	210000	11	3	142	33	91
4	210000	12	3	113	26	86
4	210000	13	3	92	23	65
4	210000	14	2	71	22	65
4	210000	15	2	67	14	54
4	210000	16	0	62	17	39
4	210000	17	0	39	14	44
4	210000	18	1	28	11	34
4	210000	19	1	29	7	26
4	210000	20	0	20	5	31
4	210000	21	0	22	5	25
4	210000	22	0	20	10	19
4	210000	23	1	17	9	21
4	210000	24	0	10	5	29
4	210000	25	0	8	7	20
4	210000	26	0	10	7	13
4	210000	27	0	9	5	12
4	210000	28	0	9	4	7
4	210000	29	0	8	5	5
4	210000	30	0	6	2	8
4	210000	31	0	5	3	7
4	210000	32	0	3	3	8
4	210000	33	0	4	1	9
4	210000	34	0	4	2	5
4	210000	35	0	2	3	6
4	210000	36	0	3	2	5
4	210000	37	0	2	3	3
4	210000	38	0	1	3	4
4	210000	39	0	2	0	6
4	210000	40	0	3	1	4
4	210000	41	0	1	2	2
4	210000	42	0	1	2	2
4	210000	43	0	1	1	3
4	210000	44	0	2	1	1
4	210000	45	0	0	1	2
4	210000	46	0	1	1	0
4	210000	47	0	0	1	1
4	210000	48	0	0	1	1
4	210000	49	0	0	1	1
4	210000	50	0	1	1	0
4	220000	1	293	1082	403	326
4	220000	2	257	1067	304	317
4	220000	3	145	966	238	362
4	220000	4	84	928	190	295
4	220000	5	60	774	161	319
4	220000	6	46	727	119	269
4	220000	7	21	604	113	264
4	220000	8	21	516	96	237
4	220000	9	8	462	78	218
4	220000	10	10	371	83	224
4	220000	11	10	325	55	204
4	220000	12	8	282	53	156
4	220000	13	7	230	43	151
4	220000	14	1	213	37	129
4	220000	15	6	167	39	126
4	220000	16	5	166	21	107
4	220000	17	4	144	27	88
4	220000	18	3	127	24	84
4	220000	19	1	100	27	76
4	220000	20	1	90	19	71
4	220000	21	1	71	27	59
4	220000	22	1	71	10	57
4	220000	23	0	55	14	52
4	220000	24	2	46	18	43
4	220000	25	0	45	13	48
4	220000	26	1	44	11	41
4	220000	27	0	36	11	40
4	220000	28	0	30	14	32
4	220000	29	0	33	6	30
4	220000	30	0	30	2	29
4	220000	31	0	23	3	32
4	220000	32	0	22	8	21
4	220000	33	0	20	9	18
4	220000	34	0	17	5	20
4	220000	35	0	20	2	16
4	220000	36	0	13	3	14
4	220000	37	0	10	3	15
4	220000	38	0	12	4	12
4	220000	39	0	9	3	14
4	220000	40	0	9	3	10
4	220000	41	0	11	0	11
4	220000	42	0	6	4	11
4	220000	43	0	5	2	12
4	220000	44	0	4	1	10
4	220000	45	0	5	1	9
4	220000	46	0	6	1	7
4	220000	47	0	4	2	6
4	220000	48	0	5	2	5
4	220000	49	0	1	3	8
4	220000	50	0	3	2	7
4	230000	1	148	727	179	234
4	230000	2	87	627	150	179
4	230000	3	52	536	109	162
4	230000	4	42	462	90	155
4	230000	5	25	395	75	123
4	230000	6	19	340	41	112
4	230000	7	8	281	44	102
4	230000	8	15	230	35	89
4	230000	9	8	198	36	70
4	230000	10	4	171	24	61
4	230000	11	3	138	18	53
4	230000	12	4	117	11	48
4	230000	13	3	102	6	43
4	230000	14	2	80	9	37
4	230000	15	1	69	8	30
4	230000	16	1	48	6	35
4	230000	17	0	48	7	22
4	230000	18	1	43	3	23
4	230000	19	0	34	1	19
4	230000	20	1	29	5	13
4	230000	21	0	21	6	13
4	230000	22	1	15	4	10
4	230000	23	0	14	1	10
4	230000	24	0	16	1	5
4	230000	25	0	9	1	5
4	230000	26	0	8	2	3
4	230000	27	0	9	0	2
4	230000	28	0	6	0	3
4	230000	29	0	4	2	1
4	230000	30	0	2	0	3
4	230000	31	0	2	0	2
4	230000	32	0	2	0	2
4	230000	33	0	1	0	2
4	230000	34	0	2	0	1
4	230000	35	0	1	0	1
4	230000	36	0	1	0	1
4	230000	37	0	1	0	0
4	230000	38	0	1	0	0
4	230000	39	0	1	0	0
4	230000	40	0	1	0	0
4	240000	1	184	1073	327	309
4	240000	2	150	1033	240	268
4	240000	3	81	923	198	274
4	240000	4	57	803	147	273
4	240000	5	35	724	124	248
4	240000	6	32	647	102	220
4	240000	7	22	596	83	217
4	240000	8	11	496	77	214
4	240000	9	15	435	61	195
4	240000	10	11	389	61	191
4	240000	11	12	336	47	152
4	240000	12	3	319	42	131
4	240000	13	7	266	40	124
4	240000	14	6	208	40	134
4	240000	15	6	200	34	101
4	240000	16	2	174	20	107
4	240000	17	2	143	26	83
4	240000	18	0	133	26	67
4	240000	19	3	107	18	76
4	240000	20	0	86	15	79
4	240000	21	1	81	17	56
4	240000	22	0	75	11	52
4	240000	23	1	66	8	47
4	240000	24	1	56	13	35
4	240000	25	1	44	12	37
4	240000	26	0	34	6	41
4	240000	27	2	40	6	25
4	240000	28	1	28	7	27
4	240000	29	0	24	6	27
4	240000	30	1	13	2	28
4	240000	31	0	15	5	15
4	240000	32	0	16	3	13
4	240000	33	0	13	4	12
4	240000	34	0	11	1	14
4	240000	35	0	11	0	10
4	240000	36	0	7	2	10
4	240000	37	0	9	1	7
4	240000	38	0	5	3	8
4	240000	39	0	4	3	6
4	240000	40	0	10	0	2
4	240000	41	0	5	1	5
4	240000	42	0	3	1	6
4	240000	43	0	3	1	4
4	240000	44	0	3	1	3
4	240000	45	0	3	0	3
4	240000	46	0	2	0	4
4	240000	47	0	1	0	4
4	240000	48	0	0	2	1
4	240000	49	0	0	0	2
4	240000	50	0	0	1	1
4	250000	1	80	590	161	156
4	250000	2	42	527	113	144
4	250000	3	24	429	84	139
4	250000	4	24	360	63	134
4	250000	5	13	305	52	109
4	250000	6	9	258	32	103
4	250000	7	7	209	26	93
4	250000	8	5	183	21	61
4	250000	9	6	156	12	64
4	250000	10	3	140	13	45
4	250000	11	2	107	14	56
4	250000	12	0	101	13	35
4	250000	13	3	80	7	38
4	250000	14	0	69	9	33
4	250000	15	2	69	5	20
4	250000	16	0	58	5	22
4	250000	17	0	54	4	20
4	250000	18	0	39	3	27
4	250000	19	1	37	5	18
4	250000	20	0	24	2	23
4	250000	21	0	17	5	20
4	250000	22	0	14	1	21
4	250000	23	0	17	0	15
4	250000	24	1	12	2	14
4	250000	25	0	10	2	9
4	250000	26	0	8	1	9
4	250000	27	0	3	2	11
4	250000	28	0	8	1	5
4	250000	29	0	2	3	8
4	250000	30	0	6	3	2
4	250000	31	0	0	2	8
4	250000	32	0	4	0	4
4	250000	33	0	1	1	6
4	250000	34	0	3	0	3
4	250000	35	0	3	0	2
4	250000	36	0	2	0	2
4	250000	37	0	1	2	1
4	250000	38	0	3	0	1
4	250000	39	0	1	0	3
4	250000	40	0	1	0	2
4	250000	41	0	0	0	3
4	250000	42	0	1	0	0
4	250000	43	0	0	0	1
4	250000	44	0	1	0	0
4	250000	45	0	1	0	0
4	260000	1	20	420	138	145
4	260000	2	13	278	93	143
4	260000	3	11	216	69	93
4	260000	4	7	175	49	89
4	260000	5	4	157	36	75
4	260000	6	5	118	29	72
4	260000	7	2	89	26	65
4	260000	8	1	82	15	50
4	260000	9	4	64	13	48
4	260000	10	1	54	12	37
4	260000	11	0	45	11	35
4	260000	12	3	32	7	31
4	260000	13	1	16	12	32
4	260000	14	1	26	7	20
4	260000	15	0	12	5	24
4	260000	16	0	11	7	17
4	260000	17	0	5	3	19
4	260000	18	0	3	3	19
4	260000	19	0	7	3	15
4	260000	20	0	7	2	14
4	260000	21	0	7	1	11
4	260000	22	0	5	0	11
4	260000	23	0	4	2	8
4	260000	24	0	4	0	9
4	260000	25	0	2	2	7
4	260000	26	0	6	2	2
4	260000	27	0	2	0	7
4	260000	28	0	1	3	3
4	260000	29	0	1	0	6
4	260000	30	0	1	0	6
4	260000	31	0	2	1	3
4	260000	32	0	0	0	5
4	260000	33	0	0	0	5
4	260000	34	0	1	1	3
4	260000	35	0	0	0	4
4	260000	36	0	0	0	4
4	260000	37	0	1	0	3
4	260000	38	0	2	0	1
4	260000	39	0	0	0	3
4	260000	40	0	0	1	1
4	260000	41	0	0	1	1
4	260000	42	0	0	0	2
4	260000	43	0	2	0	0
4	260000	44	0	0	0	1
4	260000	45	0	0	0	1
4	260000	46	0	0	1	0
4	260000	47	0	1	0	0
4	270000	1	128	175	92	60
4	270000	2	115	259	83	75
4	270000	3	43	316	79	93
4	270000	4	21	353	55	101
4	270000	5	22	343	51	101
4	270000	6	20	317	62	94
4	270000	7	9	312	47	117
4	270000	8	6	305	35	107
4	270000	9	5	265	37	131
4	270000	10	5	258	32	122
4	270000	11	1	248	34	108
4	270000	12	3	225	24	129
4	270000	13	2	226	31	95
4	270000	14	4	223	18	95
4	270000	15	0	198	23	108
4	270000	16	0	192	21	100
4	270000	17	2	175	20	97
4	270000	18	2	173	19	84
4	270000	19	1	142	19	104
4	270000	20	0	156	13	94
4	270000	21	0	146	15	91
4	270000	22	1	121	19	100
4	270000	23	0	121	13	94
4	270000	24	0	128	16	81
4	270000	25	0	120	13	87
4	270000	26	0	114	15	77
4	270000	27	1	109	12	80
4	270000	28	0	86	13	97
4	270000	29	1	92	10	91
4	270000	30	0	100	9	82
4	270000	31	1	87	10	81
4	270000	32	0	105	9	67
4	270000	33	0	86	11	85
4	270000	34	0	87	9	83
4	270000	35	0	93	13	65
4	270000	36	1	75	10	81
4	270000	37	0	76	8	76
4	270000	38	0	71	10	72
4	270000	39	0	84	11	52
4	270000	40	0	79	5	59
4	270000	41	0	63	6	71
4	270000	42	0	69	7	56
4	270000	43	0	53	7	68
4	270000	44	1	57	8	58
4	270000	45	0	46	5	69
4	270000	46	0	45	10	57
4	270000	47	0	55	3	50
4	270000	48	0	51	8	48
4	270000	49	0	38	6	61
4	270000	50	0	43	4	56
4	280000	1	33	491	111	122
4	280000	2	27	406	89	124
4	280000	3	4	358	66	108
4	280000	4	8	302	42	109
4	280000	5	4	248	39	99
4	280000	6	6	198	23	95
4	280000	7	4	192	17	68
4	280000	8	5	157	17	58
4	280000	9	2	137	10	62
4	280000	10	3	112	14	55
4	280000	11	2	94	16	43
4	280000	12	6	82	8	35
4	280000	13	1	78	10	34
4	280000	14	1	62	10	31
4	280000	15	0	45	6	32
4	280000	16	0	36	6	32
4	280000	17	0	37	5	22
4	280000	18	0	36	6	16
4	280000	19	0	30	4	20
4	280000	20	0	30	3	16
4	280000	21	1	20	5	16
4	280000	22	0	24	1	13
4	280000	23	1	19	3	13
4	280000	24	1	20	1	12
4	280000	25	0	19	0	12
4	280000	26	0	8	2	17
4	280000	27	0	11	0	13
4	280000	28	0	10	4	7
4	280000	29	0	6	1	10
4	280000	30	0	6	0	11
4	280000	31	0	4	1	9
4	280000	32	0	7	0	7
4	280000	33	0	4	1	7
4	280000	34	0	6	0	4
4	280000	35	0	3	1	5
4	280000	36	0	2	0	6
4	280000	37	0	2	2	4
4	280000	38	0	2	0	5
4	280000	39	0	4	0	3
4	280000	40	0	3	0	3
4	280000	41	0	1	1	3
4	280000	42	0	1	0	4
4	280000	43	0	2	0	3
4	280000	44	0	1	0	4
4	280000	45	0	0	1	4
4	280000	46	0	2	0	3
4	280000	47	0	2	0	3
4	280000	48	0	3	0	2
4	280000	49	0	1	0	4
4	280000	50	0	1	0	4
4	290000	1	480	1077	338	264
4	290000	2	338	1273	267	317
4	290000	3	173	1250	249	317
4	290000	4	119	1244	217	293
4	290000	5	66	1167	172	299
4	290000	6	41	1042	164	273
4	290000	7	41	939	122	270
4	290000	8	26	902	103	257
4	290000	9	22	793	92	228
4	290000	10	23	699	94	220
4	290000	11	13	619	87	217
4	290000	12	10	557	57	198
4	290000	13	8	511	58	174
4	290000	14	4	462	47	185
4	290000	15	7	423	47	156
4	290000	16	3	382	34	159
4	290000	17	5	335	42	149
4	290000	18	4	320	41	125
4	290000	19	3	281	40	124
4	290000	20	1	250	25	135
4	290000	21	2	249	28	106
4	290000	22	2	209	27	114
4	290000	23	1	207	13	104
4	290000	24	3	170	19	107
4	290000	25	3	162	20	89
4	290000	26	1	142	13	97
4	290000	27	0	132	11	90
4	290000	28	1	119	17	80
4	290000	29	0	117	8	74
4	290000	30	0	113	6	75
4	290000	31	0	100	10	70
4	290000	32	0	93	8	70
4	290000	33	1	87	6	61
4	290000	34	0	77	7	66
4	290000	35	0	67	6	64
4	290000	36	0	58	10	60
4	290000	37	0	63	11	49
4	290000	38	0	56	6	48
4	290000	39	0	41	6	57
4	290000	40	0	46	6	46
4	290000	41	0	38	3	54
4	290000	42	1	42	7	40
4	290000	43	0	41	5	38
4	290000	44	0	36	2	39
4	290000	45	0	33	8	29
4	290000	46	0	27	0	38
4	290000	47	0	31	5	27
4	290000	48	0	27	2	29
4	290000	49	0	23	3	29
4	290000	50	0	20	2	30
4	300000	1	267	1421	769	676
4	300000	2	173	1224	540	605
4	300000	3	95	1000	383	505
4	300000	4	50	845	272	446
4	300000	5	40	655	207	396
4	300000	6	23	569	160	348
4	300000	7	12	482	109	299
4	300000	8	14	374	113	243
4	300000	9	13	321	84	225
4	300000	10	10	282	54	200
4	300000	11	6	222	53	184
4	300000	12	3	218	50	128
4	300000	13	3	174	40	132
4	300000	14	2	151	39	118
4	300000	15	1	151	26	108
4	300000	16	3	125	22	95
4	300000	17	1	111	22	80
4	300000	18	3	90	16	86
4	300000	19	0	93	23	74
4	300000	20	2	100	17	61
4	300000	21	0	70	18	79
4	300000	22	1	72	16	64
4	300000	23	1	65	11	58
4	300000	24	0	57	10	56
4	300000	25	0	45	16	54
4	300000	26	0	50	15	47
4	300000	27	0	57	11	44
4	300000	28	0	46	12	41
4	300000	29	0	47	7	34
4	300000	30	2	38	6	31
4	300000	31	0	34	8	29
4	300000	32	0	25	3	36
4	300000	33	0	27	9	24
4	300000	34	0	22	6	25
4	300000	35	0	26	5	18
4	300000	36	0	23	0	23
4	300000	37	0	20	5	17
4	300000	38	0	19	5	15
4	300000	39	0	13	1	24
4	300000	40	0	15	2	18
4	300000	41	0	15	2	17
4	300000	42	0	18	0	14
4	300000	43	0	13	3	15
4	300000	44	0	14	3	13
4	300000	45	0	13	2	13
4	300000	46	0	11	4	11
4	300000	47	0	12	1	11
4	300000	48	0	11	2	6
4	300000	49	0	6	1	7
4	300000	50	0	7	0	7
