1	100000	1	998	319	17	15
1	100000	2	313	608	67	21
1	100000	3	104	753	87	19
1	100000	4	37	795	110	35
1	100000	5	29	804	109	54
1	100000	6	20	836	126	56
1	100000	7	11	817	156	70
1	100000	8	8	827	145	84
1	100000	9	3	838	133	86
1	100000	10	9	795	143	93
1	100000	11	1	832	134	112
1	100000	12	3	840	135	98
1	100000	13	4	815	155	119
1	100000	14	3	843	149	119
1	100000	15	3	814	147	126
1	100000	16	1	841	142	132
1	100000	17	3	869	131	117
1	100000	18	1	818	159	156
1	100000	19	2	843	137	143
1	100000	20	2	829	116	163
1	100000	21	0	868	138	163
1	100000	22	0	838	131	159
1	100000	23	0	819	140	168
1	100000	24	0	851	116	159
1	100000	25	0	839	121	184
1	100000	26	1	844	126	177
1	100000	27	0	853	111	158
1	100000	28	1	844	106	185
1	100000	29	2	854	101	171
1	100000	30	1	796	127	189
1	100000	31	0	805	122	184
1	100000	32	0	834	104	181
1	100000	33	0	833	107	168
1	100000	34	0	814	102	188
1	100000	35	0	802	87	210
1	100000	36	1	818	105	178
1	100000	37	0	808	86	219
1	100000	38	1	774	94	211
1	100000	39	0	762	101	220
1	100000	40	0	803	95	193
1	100000	41	0	765	111	231
1	100000	42	0	785	94	222
1	100000	43	1	752	103	224
1	100000	44	0	761	108	226
1	100000	45	0	779	84	218
1	100000	46	0	752	80	208
1	100000	47	0	764	88	227
1	100000	48	0	734	101	213
1	100000	49	0	754	79	192
1	100000	50	0	776	87	193
1	110000	1	94	37	0	0
1	110000	2	49	59	6	6
1	110000	3	9	101	11	9
1	110000	4	3	114	14	9
1	110000	5	1	124	15	12
1	110000	6	2	121	17	12
1	110000	7	1	119	17	10
1	110000	8	2	120	22	9
1	110000	9	1	140	15	3
1	110000	10	1	119	18	10
1	110000	11	1	127	19	7
1	110000	12	0	125	18	11
1	110000	13	0	130	11	15
1	110000	14	0	138	11	12
1	110000	15	0	132	12	15
1	110000	16	0	125	15	14
1	110000	17	0	127	14	14
1	110000	18	0	125	13	13
1	110000	19	0	130	8	15
1	110000	20	0	123	8	17
1	110000	21	0	121	6	19
1	110000	22	0	132	9	15
1	110000	23	0	120	10	21
1	110000	24	0	130	9	16
1	110000	25	0	128	5	17
1	110000	26	0	127	13	13
1	110000	27	0	127	10	16
1	110000	28	0	125	8	21
1	110000	29	0	114	11	28
1	110000	30	0	110	11	27
1	110000	31	0	121	8	19
1	110000	32	0	113	7	30
1	110000	33	1	120	8	19
1	110000	34	0	116	11	20
1	110000	35	0	117	6	21
1	110000	36	0	123	7	19
1	110000	37	0	118	7	21
1	110000	38	0	119	7	17
1	110000	39	0	119	6	20
1	110000	40	0	117	7	18
1	110000	41	0	113	6	27
1	110000	42	0	119	8	18
1	110000	43	0	117	13	15
1	110000	44	0	113	5	27
1	110000	45	0	106	6	27
1	110000	46	0	118	5	19
1	110000	47	0	114	7	21
1	110000	48	0	109	9	20
1	110000	49	0	117	7	19
1	110000	50	0	125	3	13
1	120000	1	439	139	4	5
1	120000	2	90	307	15	9
1	120000	3	40	322	26	11
1	120000	4	19	360	35	9
1	120000	5	16	359	43	21
1	120000	6	4	366	59	17
1	120000	7	5	358	71	28
1	120000	8	3	355	63	28
1	120000	9	2	376	57	34
1	120000	10	2	376	73	31
1	120000	11	1	379	68	31
1	120000	12	2	368	71	32
1	120000	13	0	372	64	48
1	120000	14	1	385	63	44
1	120000	15	0	380	55	42
1	120000	16	0	384	63	45
1	120000	17	0	388	72	55
1	120000	18	1	379	55	58
1	120000	19	0	383	74	53
1	120000	20	0	373	80	69
1	120000	21	1	381	63	56
1	120000	22	0	383	66	69
1	120000	23	0	378	72	64
1	120000	24	0	383	55	71
1	120000	25	0	399	53	63
1	120000	26	0	374	54	66
1	120000	27	0	371	57	84
1	120000	28	0	377	42	89
1	120000	29	0	373	56	84
1	120000	30	0	375	55	79
1	120000	31	0	380	46	78
1	120000	32	0	364	55	81
1	120000	33	0	373	56	77
1	120000	34	0	365	48	86
1	120000	35	1	360	48	91
1	120000	36	0	362	51	88
1	120000	37	0	366	58	79
1	120000	38	0	358	46	101
1	120000	39	0	370	51	80
1	120000	40	0	355	44	91
1	120000	41	0	357	57	84
1	120000	42	0	360	45	82
1	120000	43	0	350	54	76
1	120000	44	0	348	45	91
1	120000	45	0	342	47	94
1	120000	46	0	348	46	95
1	120000	47	0	350	36	96
1	120000	48	0	329	53	94
1	120000	49	0	337	39	97
1	120000	50	0	346	40	95
1	130000	1	420	110	0	1
1	130000	2	80	274	0	1
1	130000	3	25	330	1	2
1	130000	4	20	362	5	4
1	130000	5	11	385	3	5
1	130000	6	4	373	7	2
1	130000	7	1	377	10	10
1	130000	8	3	373	12	7
1	130000	9	3	367	12	15
1	130000	10	0	396	12	9
1	130000	11	2	378	19	12
1	130000	12	0	391	15	12
1	130000	13	1	395	22	12
1	130000	14	0	416	20	15
1	130000	15	0	393	18	18
1	130000	16	0	431	20	16
1	130000	17	1	420	15	17
1	130000	18	0	421	19	20
1	130000	19	0	428	20	20
1	130000	20	0	417	27	19
1	130000	21	0	446	20	10
1	130000	22	0	424	21	19
1	130000	23	0	433	16	20
1	130000	24	0	431	19	19
1	130000	25	0	433	25	21
1	130000	26	0	436	24	37
1	130000	27	0	443	24	33
1	130000	28	0	434	24	30
1	130000	29	0	432	28	33
1	130000	30	0	431	21	32
1	130000	31	0	440	25	28
1	130000	32	0	457	25	27
1	130000	33	0	435	18	29
1	130000	34	0	424	25	35
1	130000	35	0	431	23	36
1	130000	36	0	439	29	30
1	130000	37	0	427	21	39
1	130000	38	0	423	25	34
1	130000	39	0	436	15	36
1	130000	40	0	414	20	50
1	130000	41	0	431	39	32
1	130000	42	0	438	14	35
1	130000	43	0	434	13	35
1	130000	44	0	424	18	51
1	130000	45	0	428	34	31
1	130000	46	0	420	25	43
1	130000	47	0	427	15	44
1	130000	48	0	430	25	37
1	130000	49	0	438	17	38
1	130000	50	0	438	20	42
1	140000	1	368	172	0	3
1	140000	2	83	340	2	4
1	140000	3	60	381	3	7
1	140000	4	27	402	6	4
1	140000	5	11	433	10	6
1	140000	6	8	446	4	11
1	140000	7	7	425	7	7
1	140000	8	2	458	8	9
1	140000	9	0	435	8	18
1	140000	10	5	439	10	11
1	140000	11	0	451	10	18
1	140000	12	0	445	12	19
1	140000	13	3	428	14	18
1	140000	14	2	445	4	15
1	140000	15	0	429	7	20
1	140000	16	0	432	7	25
1	140000	17	1	440	14	25
1	140000	18	1	436	12	28
1	140000	19	0	452	12	26
1	140000	20	1	450	16	23
1	140000	21	2	459	7	18
1	140000	22	0	468	14	16
1	140000	23	0	440	20	27
1	140000	24	0	437	21	31
1	140000	25	1	455	12	21
1	140000	26	0	437	18	34
1	140000	27	0	440	13	41
1	140000	28	1	443	8	33
1	140000	29	0	427	18	29
1	140000	30	0	441	16	30
1	140000	31	0	433	14	36
1	140000	32	0	447	15	26
1	140000	33	0	450	15	30
1	140000	34	0	407	22	44
1	140000	35	0	425	16	39
1	140000	36	0	428	15	38
1	140000	37	0	440	9	37
1	140000	38	0	423	8	36
1	140000	39	0	427	16	31
1	140000	40	0	405	18	38
1	140000	41	0	421	10	37
1	140000	42	0	407	17	39
1	140000	43	0	403	14	46
1	140000	44	0	415	16	37
1	140000	45	1	390	17	38
1	140000	46	0	393	14	44
1	140000	47	0	392	20	43
1	140000	48	0	384	14	42
1	140000	49	0	384	20	47
1	140000	50	0	382	15	54
1	150000	1	474	156	1	4
1	150000	2	78	354	6	5
1	150000	3	44	381	8	5
1	150000	4	24	390	17	8
1	150000	5	6	412	20	11
1	150000	6	10	393	28	12
1	150000	7	3	419	29	19
1	150000	8	2	424	39	22
1	150000	9	1	437	40	22
1	150000	10	2	440	30	32
1	150000	11	0	456	30	31
1	150000	12	2	421	44	36
1	150000	13	0	440	46	36
1	150000	14	2	444	42	39
1	150000	15	0	448	56	36
1	150000	16	0	444	55	43
1	150000	17	0	437	50	46
1	150000	18	0	450	42	57
1	150000	19	1	442	47	45
1	150000	20	0	441	42	52
1	150000	21	1	450	60	47
1	150000	22	0	448	48	51
1	150000	23	0	441	51	57
1	150000	24	0	433	56	62
1	150000	25	0	436	57	56
1	150000	26	0	452	55	61
1	150000	27	0	444	45	73
1	150000	28	0	427	52	69
1	150000	29	2	437	61	59
1	150000	30	1	442	49	68
1	150000	31	0	424	57	56
1	150000	32	0	429	45	76
1	150000	33	0	437	38	85
1	150000	34	0	442	39	65
1	150000	35	0	438	45	62
1	150000	36	0	422	45	72
1	150000	37	0	412	42	91
1	150000	38	0	420	36	76
1	150000	39	0	420	39	70
1	150000	40	0	413	49	77
1	150000	41	0	410	44	77
1	150000	42	0	417	41	77
1	150000	43	0	414	56	58
1	150000	44	0	421	39	74
1	150000	45	1	401	45	78
1	150000	46	0	424	37	65
1	150000	47	0	400	46	71
1	150000	48	0	402	33	78
1	150000	49	0	393	41	76
1	150000	50	0	392	50	67
1	160000	1	170	66	0	0
1	160000	2	63	121	0	2
1	160000	3	36	155	1	4
1	160000	4	24	194	0	2
1	160000	5	4	209	0	1
1	160000	6	9	213	1	1
1	160000	7	7	212	4	4
1	160000	8	5	213	8	5
1	160000	9	1	218	3	5
1	160000	10	3	238	6	2
1	160000	11	1	239	9	8
1	160000	12	1	248	4	9
1	160000	13	0	250	8	9
1	160000	14	1	247	7	7
1	160000	15	0	267	6	10
1	160000	16	2	261	13	8
1	160000	17	0	271	8	5
1	160000	18	0	270	7	12
1	160000	19	1	268	15	5
1	160000	20	2	266	11	13
1	160000	21	0	268	10	17
1	160000	22	1	263	15	15
1	160000	23	1	274	15	9
1	160000	24	1	258	20	12
1	160000	25	0	278	16	12
1	160000	26	0	256	23	15
1	160000	27	0	269	18	18
1	160000	28	0	279	16	11
1	160000	29	0	268	18	13
1	160000	30	0	272	11	16
1	160000	31	0	268	16	21
1	160000	32	0	264	21	22
1	160000	33	0	264	19	22
1	160000	34	0	276	11	15
1	160000	35	0	265	18	22
1	160000	36	0	265	15	17
1	160000	37	0	274	16	25
1	160000	38	0	278	20	15
1	160000	39	0	267	16	21
1	160000	40	0	277	17	19
1	160000	41	0	267	17	24
1	160000	42	0	273	15	23
1	160000	43	0	270	16	24
1	160000	44	0	270	11	25
1	160000	45	0	277	16	20
1	160000	46	0	267	12	26
1	160000	47	0	266	19	25
1	160000	48	0	266	14	34
1	160000	49	0	272	19	23
1	160000	50	0	264	14	22
1	170000	1	406	209	4	1
1	170000	2	110	352	12	1
1	170000	3	64	417	12	1
1	170000	4	36	420	16	6
1	170000	5	14	458	21	4
1	170000	6	9	457	19	9
1	170000	7	14	449	21	11
1	170000	8	6	463	31	6
1	170000	9	4	445	40	18
1	170000	10	1	461	29	12
1	170000	11	2	468	39	16
1	170000	12	3	491	25	14
1	170000	13	1	493	32	18
1	170000	14	2	497	24	19
1	170000	15	2	472	41	22
1	170000	16	0	497	30	28
1	170000	17	5	490	39	27
1	170000	18	2	496	30	28
1	170000	19	1	499	29	29
1	170000	20	0	501	32	29
1	170000	21	0	491	42	36
1	170000	22	0	500	26	40
1	170000	23	0	531	31	26
1	170000	24	0	505	29	39
1	170000	25	1	507	35	45
1	170000	26	0	507	31	43
1	170000	27	0	510	26	42
1	170000	28	1	496	20	38
1	170000	29	0	497	35	46
1	170000	30	0	509	25	45
1	170000	31	0	500	29	44
1	170000	32	0	510	38	53
1	170000	33	0	499	34	45
1	170000	34	0	512	33	50
1	170000	35	0	515	31	56
1	170000	36	0	498	34	68
1	170000	37	1	500	27	57
1	170000	38	0	490	40	58
1	170000	39	0	513	35	48
1	170000	40	0	508	36	45
1	170000	41	0	499	29	75
1	170000	42	0	513	27	54
1	170000	43	0	501	32	59
1	170000	44	1	492	24	67
1	170000	45	0	489	29	62
1	170000	46	0	491	29	73
1	170000	47	0	497	32	70
1	170000	48	0	480	33	65
1	170000	49	0	499	24	59
1	170000	50	0	467	37	76
1	180000	1	354	155	2	1
1	180000	2	101	287	7	5
1	180000	3	49	326	6	7
1	180000	4	30	330	10	11
1	180000	5	15	355	13	15
1	180000	6	12	358	20	23
1	180000	7	5	384	14	17
1	180000	8	11	397	11	27
1	180000	9	2	405	19	29
1	180000	10	4	406	21	24
1	180000	11	5	409	21	27
1	180000	12	2	421	21	34
1	180000	13	2	425	24	31
1	180000	14	0	430	24	37
1	180000	15	2	434	26	30
1	180000	16	0	434	26	33
1	180000	17	1	440	27	28
1	180000	18	2	444	22	37
1	180000	19	1	446	26	37
1	180000	20	1	434	19	40
1	180000	21	0	428	18	49
1	180000	22	1	437	23	44
1	180000	23	0	425	28	42
1	180000	24	0	441	20	48
1	180000	25	3	435	24	48
1	180000	26	0	438	21	42
1	180000	27	0	444	23	50
1	180000	28	1	430	25	49
1	180000	29	1	453	21	47
1	180000	30	0	447	24	45
1	180000	31	0	445	28	51
1	180000	32	0	436	19	54
1	180000	33	0	443	22	60
1	180000	34	0	424	29	63
1	180000	35	2	430	27	59
1	180000	36	0	425	28	51
1	180000	37	0	438	18	59
1	180000	38	0	416	28	65
1	180000	39	1	431	26	61
1	180000	40	0	431	20	61
1	180000	41	0	417	31	71
1	180000	42	0	428	19	70
1	180000	43	0	422	23	74
1	180000	44	0	422	22	74
1	180000	45	0	427	19	64
1	180000	46	0	426	20	74
1	180000	47	0	426	26	59
1	180000	48	0	409	21	73
1	180000	49	1	416	24	61
1	180000	50	0	417	19	61
1	190000	1	460	142	1	5
1	190000	2	100	314	10	5
1	190000	3	27	367	29	6
1	190000	4	15	391	30	18
1	190000	5	8	407	30	15
1	190000	6	3	389	34	28
1	190000	7	2	408	31	24
1	190000	8	4	406	37	25
1	190000	9	2	383	43	24
1	190000	10	1	383	46	19
1	190000	11	1	388	38	29
1	190000	12	0	387	35	32
1	190000	13	1	377	49	35
1	190000	14	3	406	39	31
1	190000	15	0	385	33	36
1	190000	16	1	394	49	30
1	190000	17	1	390	49	30
1	190000	18	1	398	37	42
1	190000	19	0	374	44	42
1	190000	20	2	382	37	49
1	190000	21	0	389	38	54
1	190000	22	0	407	33	46
1	190000	23	1	403	46	46
1	190000	24	0	392	41	41
1	190000	25	0	397	40	54
1	190000	26	0	389	52	48
1	190000	27	0	395	45	51
1	190000	28	0	387	54	52
1	190000	29	0	405	38	53
1	190000	30	0	396	43	61
1	190000	31	0	398	33	64
1	190000	32	0	370	53	61
1	190000	33	1	390	55	55
1	190000	34	0	386	42	56
1	190000	35	1	382	45	64
1	190000	36	0	367	42	60
1	190000	37	0	378	54	45
1	190000	38	0	378	46	65
1	190000	39	0	380	40	58
1	190000	40	0	380	41	59
1	190000	41	0	373	48	55
1	190000	42	0	369	33	64
1	190000	43	0	359	33	66
1	190000	44	0	360	40	68
1	190000	45	0	348	51	74
1	190000	46	0	342	56	66
1	190000	47	0	348	45	61
1	190000	48	0	351	43	70
1	190000	49	0	342	45	73
1	190000	50	0	351	43	72
1	200000	1	14	13	0	1
1	200000	2	0	27	0	1
1	200000	3	1	26	0	1
1	200000	4	1	25	0	1
1	200000	5	1	23	1	1
1	200000	6	0	25	1	2
1	200000	7	0	27	0	1
1	200000	8	0	25	0	2
1	200000	9	0	24	1	2
1	200000	10	0	25	0	2
1	200000	11	0	25	0	2
1	200000	12	1	24	0	2
1	200000	13	0	25	0	2
1	200000	14	0	23	1	2
1	200000	15	0	24	2	0
1	200000	16	0	24	0	1
1	200000	17	0	24	0	2
1	200000	18	0	24	0	1
1	200000	19	0	24	0	2
1	200000	20	0	22	1	2
1	200000	21	0	23	1	1
1	200000	22	0	21	1	2
1	200000	23	0	22	1	0
1	200000	24	0	22	1	0
1	200000	25	0	21	1	1
1	200000	26	0	22	1	0
1	200000	27	0	21	2	0
1	200000	28	0	20	1	2
1	200000	29	0	22	0	1
1	200000	30	0	18	1	3
1	200000	31	0	22	0	1
1	200000	32	0	21	0	1
1	200000	33	0	20	1	1
1	200000	34	0	22	0	0
1	200000	35	0	20	0	2
1	200000	36	0	20	1	0
1	200000	37	0	21	0	0
1	200000	38	0	19	0	2
1	200000	39	0	19	0	2
1	200000	40	0	19	0	2
1	200000	41	0	20	1	0
1	200000	42	0	18	1	2
1	200000	43	0	18	0	2
1	200000	44	0	18	2	1
1	200000	45	0	20	0	1
1	200000	46	0	20	0	1
1	200000	47	0	20	0	1
1	200000	48	0	21	0	0
1	200000	49	0	18	3	0
1	200000	50	0	20	1	0
1	210000	1	459	179	5	5
1	210000	2	118	329	21	13
1	210000	3	19	384	43	21
1	210000	4	18	385	44	20
1	210000	5	6	387	51	24
1	210000	6	3	388	48	36
1	210000	7	8	409	53	31
1	210000	8	2	397	47	43
1	210000	9	8	420	52	36
1	210000	10	4	427	54	51
1	210000	11	3	423	45	50
1	210000	12	1	442	41	52
1	210000	13	1	437	52	42
1	210000	14	2	415	65	51
1	210000	15	0	438	48	55
1	210000	16	0	437	53	50
1	210000	17	1	432	41	72
1	210000	18	1	427	45	54
1	210000	19	1	431	50	69
1	210000	20	1	426	46	66
1	210000	21	0	431	67	60
1	210000	22	3	408	52	65
1	210000	23	1	417	53	63
1	210000	24	1	407	37	69
1	210000	25	1	423	47	72
1	210000	26	0	420	41	75
1	210000	27	0	422	49	65
1	210000	28	1	394	57	69
1	210000	29	0	401	51	75
1	210000	30	0	393	58	66
1	210000	31	0	374	58	84
1	210000	32	0	377	52	83
1	210000	33	0	386	50	67
1	210000	34	0	385	49	79
1	210000	35	0	367	42	85
1	210000	36	0	384	38	76
1	210000	37	0	365	42	78
1	210000	38	0	362	43	78
1	210000	39	0	371	39	68
1	210000	40	0	359	35	80
1	210000	41	0	358	27	87
1	210000	42	0	358	29	85
1	210000	43	1	326	43	93
1	210000	44	0	354	32	87
1	210000	45	0	326	39	90
1	210000	46	0	326	35	85
1	210000	47	0	325	33	77
1	210000	48	0	334	38	77
1	210000	49	0	311	38	88
1	210000	50	0	302	38	85
1	220000	1	271	83	0	1
1	220000	2	47	241	2	1
1	220000	3	19	254	5	3
1	220000	4	10	258	10	3
1	220000	5	9	271	13	4
1	220000	6	2	262	19	5
1	220000	7	3	266	18	9
1	220000	8	2	275	23	8
1	220000	9	1	262	17	12
1	220000	10	0	266	20	20
1	220000	11	0	257	29	21
1	220000	12	0	279	25	14
1	220000	13	0	281	24	14
1	220000	14	1	274	26	18
1	220000	15	0	267	34	14
1	220000	16	1	274	26	15
1	220000	17	0	268	30	20
1	220000	18	0	266	29	30
1	220000	19	0	278	32	24
1	220000	20	0	254	30	28
1	220000	21	1	269	29	30
1	220000	22	0	263	27	26
1	220000	23	0	264	26	34
1	220000	24	0	268	25	23
1	220000	25	0	262	31	24
1	220000	26	1	244	35	28
1	220000	27	0	254	31	33
1	220000	28	0	252	27	29
1	220000	29	0	250	40	31
1	220000	30	0	253	24	38
1	220000	31	0	247	27	37
1	220000	32	0	249	31	34
1	220000	33	0	241	31	43
1	220000	34	0	250	30	34
1	220000	35	0	237	34	45
1	220000	36	0	251	26	41
1	220000	37	0	241	32	35
1	220000	38	0	245	28	42
1	220000	39	0	242	28	37
1	220000	40	0	227	27	51
1	220000	41	0	236	29	31
1	220000	42	0	237	33	35
1	220000	43	0	236	21	44
1	220000	44	0	235	26	41
1	220000	45	0	231	27	45
1	220000	46	0	223	32	49
1	220000	47	0	230	27	47
1	220000	48	0	224	30	42
1	220000	49	0	223	35	47
1	220000	50	0	229	22	50
1	230000	1	142	121	0	9
1	230000	2	50	171	4	5
1	230000	3	24	197	6	10
1	230000	4	12	223	3	12
1	230000	5	5	223	6	10
1	230000	6	5	245	6	7
1	230000	7	5	232	8	12
1	230000	8	8	230	10	12
1	230000	9	5	236	8	20
1	230000	10	3	238	11	23
1	230000	11	4	239	6	17
1	230000	12	3	245	7	18
1	230000	13	2	247	10	22
1	230000	14	1	238	16	25
1	230000	15	0	243	14	23
1	230000	16	0	239	13	18
1	230000	17	1	246	8	25
1	230000	18	1	235	9	27
1	230000	19	3	227	17	24
1	230000	20	2	241	14	26
1	230000	21	1	224	21	33
1	230000	22	1	219	20	31
1	230000	23	0	216	16	39
1	230000	24	0	231	15	28
1	230000	25	0	217	12	31
1	230000	26	1	220	13	26
1	230000	27	0	219	9	37
1	230000	28	1	211	11	38
1	230000	29	0	214	12	37
1	230000	30	0	214	10	28
1	230000	31	1	211	12	34
1	230000	32	0	205	18	31
1	230000	33	1	211	16	32
1	230000	34	0	200	14	42
1	230000	35	1	195	13	45
1	230000	36	0	179	20	48
1	230000	37	1	191	15	39
1	230000	38	0	197	10	43
1	230000	39	0	189	20	43
1	230000	40	0	191	13	41
1	230000	41	0	189	14	44
1	230000	42	0	189	19	39
1	230000	43	0	174	23	43
1	230000	44	0	185	17	41
1	230000	45	0	174	11	53
1	230000	46	0	177	13	45
1	230000	47	0	177	20	42
1	230000	48	0	184	12	42
1	230000	49	0	178	13	45
1	230000	50	0	163	16	48
1	240000	1	237	91	1	2
1	240000	2	68	187	2	4
1	240000	3	30	232	4	3
1	240000	4	16	250	8	5
1	240000	5	5	257	7	4
1	240000	6	8	276	10	3
1	240000	7	6	297	6	6
1	240000	8	3	291	12	7
1	240000	9	2	297	17	8
1	240000	10	2	299	12	12
1	240000	11	4	308	18	9
1	240000	12	1	309	20	12
1	240000	13	5	287	23	18
1	240000	14	0	296	28	8
1	240000	15	2	297	19	25
1	240000	16	1	299	22	22
1	240000	17	0	302	26	21
1	240000	18	1	312	23	19
1	240000	19	0	302	23	22
1	240000	20	1	298	20	31
1	240000	21	1	302	23	20
1	240000	22	2	310	21	20
1	240000	23	0	317	18	33
1	240000	24	0	294	29	28
1	240000	25	0	304	25	32
1	240000	26	0	290	27	43
1	240000	27	1	305	24	36
1	240000	28	0	307	20	31
1	240000	29	0	296	28	36
1	240000	30	0	298	25	42
1	240000	31	1	276	28	51
1	240000	32	0	289	26	40
1	240000	33	0	287	27	42
1	240000	34	0	287	18	43
1	240000	35	0	291	24	40
1	240000	36	0	293	19	45
1	240000	37	0	286	28	30
1	240000	38	0	270	27	48
1	240000	39	0	277	20	56
1	240000	40	0	269	24	56
1	240000	41	0	276	19	51
1	240000	42	0	265	25	44
1	240000	43	0	260	28	51
1	240000	44	0	282	19	37
1	240000	45	0	264	16	58
1	240000	46	1	256	24	48
1	240000	47	0	271	26	46
1	240000	48	0	266	13	58
1	240000	49	0	253	14	64
1	240000	50	0	261	21	53
1	250000	1	137	33	1	0
1	250000	2	28	93	1	1
1	250000	3	9	116	4	1
1	250000	4	0	140	9	1
1	250000	5	4	134	10	3
1	250000	6	0	144	13	2
1	250000	7	2	146	12	3
1	250000	8	0	139	12	6
1	250000	9	0	153	12	9
1	250000	10	0	150	14	5
1	250000	11	1	151	10	8
1	250000	12	0	151	12	3
1	250000	13	0	140	15	11
1	250000	14	0	146	12	8
1	250000	15	0	146	9	10
1	250000	16	0	149	14	7
1	250000	17	0	146	12	12
1	250000	18	0	141	17	7
1	250000	19	0	146	16	8
1	250000	20	0	139	17	11
1	250000	21	0	139	11	16
1	250000	22	0	154	12	7
1	250000	23	0	146	11	10
1	250000	24	0	147	14	15
1	250000	25	0	150	9	12
1	250000	26	0	149	10	12
1	250000	27	0	144	9	13
1	250000	28	0	139	14	15
1	250000	29	0	140	16	17
1	250000	30	0	140	12	15
1	250000	31	0	145	13	12
1	250000	32	0	139	14	19
1	250000	33	0	145	10	20
1	250000	34	0	148	8	16
1	250000	35	0	150	8	13
1	250000	36	0	141	9	18
1	250000	37	0	139	14	15
1	250000	38	0	139	13	19
1	250000	39	0	142	10	19
1	250000	40	0	144	7	19
1	250000	41	1	139	12	20
1	250000	42	0	143	7	13
1	250000	43	0	132	13	26
1	250000	44	0	137	7	26
1	250000	45	0	143	9	17
1	250000	46	0	140	8	17
1	250000	47	0	136	6	23
1	250000	48	0	135	12	14
1	250000	49	0	130	11	23
1	250000	50	0	128	15	19
1	260000	1	231	97	5	1
1	260000	2	38	200	18	6
1	260000	3	28	231	22	11
1	260000	4	9	243	19	13
1	260000	5	6	238	26	20
1	260000	6	6	246	27	10
1	260000	7	1	236	24	22
1	260000	8	4	236	25	18
1	260000	9	2	240	27	26
1	260000	10	0	241	27	25
1	260000	11	1	248	18	31
1	260000	12	0	257	29	15
1	260000	13	0	248	27	30
1	260000	14	0	257	25	24
1	260000	15	1	260	29	26
1	260000	16	0	246	22	33
1	260000	17	0	261	24	26
1	260000	18	0	258	20	26
1	260000	19	0	245	23	34
1	260000	20	2	254	18	32
1	260000	21	0	251	25	29
1	260000	22	0	238	28	33
1	260000	23	1	239	13	36
1	260000	24	0	228	19	40
1	260000	25	0	219	20	40
1	260000	26	0	221	21	37
1	260000	27	0	212	26	44
1	260000	28	0	217	21	38
1	260000	29	1	222	23	33
1	260000	30	0	211	18	44
1	260000	31	0	218	17	37
1	260000	32	0	221	14	34
1	260000	33	0	204	19	44
1	260000	34	0	209	15	46
1	260000	35	0	208	15	43
1	260000	36	0	207	21	36
1	260000	37	0	202	24	33
1	260000	38	0	195	26	40
1	260000	39	0	196	21	40
1	260000	40	0	201	13	45
1	260000	41	0	178	22	57
1	260000	42	0	198	19	36
1	260000	43	0	186	18	43
1	260000	44	0	190	11	47
1	260000	45	0	188	16	41
1	260000	46	0	182	14	48
1	260000	47	0	172	15	56
1	260000	48	0	183	11	51
1	260000	49	0	170	13	52
1	260000	50	0	164	18	54
1	270000	1	47	10	0	0
1	270000	2	7	43	1	1
1	270000	3	1	38	1	1
1	270000	4	0	37	5	0
1	270000	5	0	46	2	0
1	270000	6	0	44	4	0
1	270000	7	0	46	5	1
1	270000	8	1	51	1	0
1	270000	9	0	51	2	0
1	270000	10	0	48	6	0
1	270000	11	0	50	3	2
1	270000	12	0	49	4	2
1	270000	13	0	47	5	2
1	270000	14	0	49	5	0
1	270000	15	0	48	5	0
1	270000	16	0	50	5	1
1	270000	17	0	51	0	2
1	270000	18	0	50	3	0
1	270000	19	0	49	5	0
1	270000	20	0	49	4	3
1	270000	21	0	51	3	1
1	270000	22	0	52	2	0
1	270000	23	0	51	3	1
1	270000	24	0	50	2	1
1	270000	25	0	48	6	2
1	270000	26	0	53	2	0
1	270000	27	0	51	3	0
1	270000	28	0	47	6	2
1	270000	29	0	50	4	1
1	270000	30	0	50	3	1
1	270000	31	0	52	2	2
1	270000	32	0	47	5	3
1	270000	33	0	47	4	4
1	270000	34	0	51	3	2
1	270000	35	0	48	6	1
1	270000	36	0	52	3	1
1	270000	37	0	50	2	2
1	270000	38	0	49	6	0
1	270000	39	0	55	0	1
1	270000	40	0	50	2	3
1	270000	41	0	50	2	3
1	270000	42	0	51	2	3
1	270000	43	0	48	3	3
1	270000	44	0	52	2	2
1	270000	45	0	54	1	1
1	270000	46	0	53	1	2
1	270000	47	0	46	4	6
1	270000	48	0	53	2	1
1	270000	49	0	49	4	2
1	270000	50	0	50	3	3
1	280000	1	89	15	0	0
1	280000	2	14	40	0	0
1	280000	3	4	72	0	0
1	280000	4	0	81	0	0
1	280000	5	1	83	2	1
1	280000	6	0	97	1	1
1	280000	7	0	86	4	0
1	280000	8	0	93	3	1
1	280000	9	1	88	2	3
1	280000	10	0	93	4	0
1	280000	11	0	100	1	1
1	280000	12	1	97	3	0
1	280000	13	0	99	5	1
1	280000	14	0	95	3	1
1	280000	15	0	103	1	1
1	280000	16	0	93	5	0
1	280000	17	0	99	2	1
1	280000	18	0	100	1	2
1	280000	19	0	95	5	1
1	280000	20	0	94	4	5
1	280000	21	0	99	7	1
1	280000	22	0	101	2	4
1	280000	23	0	100	1	6
1	280000	24	0	95	6	4
1	280000	25	1	99	8	1
1	280000	26	0	97	3	6
1	280000	27	0	98	6	2
1	280000	28	1	98	4	4
1	280000	29	0	97	6	3
1	280000	30	0	98	6	5
1	280000	31	0	96	5	8
1	280000	32	0	99	2	8
1	280000	33	0	101	4	5
1	280000	34	0	100	6	4
1	280000	35	0	102	5	4
1	280000	36	0	99	3	4
1	280000	37	0	97	2	8
1	280000	38	0	97	5	9
1	280000	39	0	97	5	7
1	280000	40	0	102	2	6
1	280000	41	0	96	5	8
1	280000	42	0	99	7	4
1	280000	43	0	95	4	8
1	280000	44	0	93	6	10
1	280000	45	0	99	4	5
1	280000	46	0	93	3	12
1	280000	47	0	95	3	10
1	280000	48	0	99	5	7
1	280000	49	0	95	4	10
1	280000	50	0	102	1	6
1	290000	1	220	29	0	0
1	290000	2	35	94	2	0
1	290000	3	5	138	2	0
1	290000	4	4	154	7	1
1	290000	5	2	150	8	0
1	290000	6	0	149	10	1
1	290000	7	0	169	8	1
1	290000	8	0	179	11	5
1	290000	9	0	200	9	2
1	290000	10	0	192	16	6
1	290000	11	0	195	14	4
1	290000	12	0	189	23	3
1	290000	13	0	189	16	7
1	290000	14	0	199	12	3
1	290000	15	0	197	22	4
1	290000	16	0	191	24	9
1	290000	17	0	197	17	11
1	290000	18	0	200	16	7
1	290000	19	0	185	22	11
1	290000	20	0	195	18	8
1	290000	21	0	205	17	9
1	290000	22	0	203	17	11
1	290000	23	0	199	15	16
1	290000	24	0	199	25	15
1	290000	25	0	193	20	10
1	290000	26	0	195	16	17
1	290000	27	0	201	18	10
1	290000	28	0	200	15	15
1	290000	29	0	197	22	15
1	290000	30	0	203	19	14
1	290000	31	0	193	19	15
1	290000	32	0	192	24	26
1	290000	33	0	190	26	17
1	290000	34	0	204	21	10
1	290000	35	0	200	24	7
1	290000	36	0	203	19	14
1	290000	37	0	213	10	17
1	290000	38	0	196	18	21
1	290000	39	0	213	12	9
1	290000	40	0	205	13	20
1	290000	41	0	197	18	22
1	290000	42	0	207	18	20
1	290000	43	0	196	19	21
1	290000	44	0	190	25	21
1	290000	45	0	195	12	30
1	290000	46	0	207	16	23
1	290000	47	0	193	15	31
1	290000	48	0	205	16	23
1	290000	49	0	189	14	25
1	290000	50	0	201	18	25
1	300000	1	650	199	4	10
1	300000	2	130	369	24	16
1	300000	3	46	466	34	28
1	300000	4	24	563	49	30
1	300000	5	6	565	40	40
1	300000	6	9	544	60	49
1	300000	7	9	587	70	46
1	300000	8	10	576	58	41
1	300000	9	0	586	49	51
1	300000	10	3	601	66	62
1	300000	11	2	589	64	68
1	300000	12	6	601	73	63
1	300000	13	4	588	67	70
1	300000	14	3	604	59	75
1	300000	15	1	609	79	69
1	300000	16	1	560	66	79
1	300000	17	0	557	74	82
1	300000	18	2	564	60	81
1	300000	19	2	571	49	67
1	300000	20	1	567	57	85
1	300000	21	2	557	57	90
1	300000	22	0	555	67	86
1	300000	23	4	542	63	82
1	300000	24	0	540	65	85
1	300000	25	0	553	52	85
1	300000	26	0	519	59	96
1	300000	27	0	517	55	102
1	300000	28	0	513	64	93
1	300000	29	1	496	64	102
1	300000	30	0	494	64	96
1	300000	31	0	506	62	92
1	300000	32	0	504	53	83
1	300000	33	0	495	52	92
1	300000	34	1	476	64	99
1	300000	35	0	479	51	99
1	300000	36	0	479	63	83
1	300000	37	0	476	56	99
1	300000	38	0	453	53	113
1	300000	39	0	449	62	102
1	300000	40	0	468	48	88
1	300000	41	0	447	50	105
1	300000	42	0	430	45	122
1	300000	43	0	417	58	108
1	300000	44	1	430	44	107
1	300000	45	0	424	56	96
1	300000	46	0	439	36	102
1	300000	47	0	425	49	101
1	300000	48	0	422	48	103
1	300000	49	0	404	40	117
1	300000	50	0	403	50	110
2	100000	1	1338	1004	154	182
2	100000	2	450	1238	266	197
2	100000	3	219	1348	243	214
2	100000	4	145	1431	275	232
2	100000	5	82	1435	231	268
2	100000	6	58	1476	245	269
2	100000	7	46	1487	220	253
2	100000	8	31	1475	215	275
2	100000	9	35	1508	189	280
2	100000	10	15	1481	187	291
2	100000	11	24	1467	168	292
2	100000	12	14	1417	179	323
2	100000	13	16	1392	166	308
2	100000	14	6	1393	162	307
2	100000	15	14	1346	167	319
2	100000	16	9	1308	142	338
2	100000	17	4	1282	170	311
2	100000	18	5	1305	146	301
2	100000	19	2	1270	145	285
2	100000	20	2	1217	129	324
2	100000	21	2	1213	127	290
2	100000	22	4	1186	116	305
2	100000	23	4	1132	129	314
2	100000	24	4	1107	113	317
2	100000	25	1	1074	107	318
2	100000	26	2	1092	109	298
2	100000	27	0	1069	114	293
2	100000	28	4	1032	98	310
2	100000	29	1	1048	97	288
2	100000	30	0	951	114	303
2	100000	31	0	966	89	300
2	100000	32	1	965	81	262
2	100000	33	1	911	87	282
2	100000	34	2	906	82	274
2	100000	35	1	860	93	283
2	100000	36	2	867	86	288
2	100000	37	3	844	87	260
2	100000	38	2	840	64	273
2	100000	39	0	791	85	278
2	100000	40	1	777	75	267
2	100000	41	0	746	87	279
2	100000	42	0	737	70	283
2	100000	43	0	750	71	248
2	100000	44	0	719	76	260
2	100000	45	0	694	60	238
2	100000	46	0	684	72	232
2	100000	47	0	658	74	244
2	100000	48	0	657	61	229
2	100000	49	0	656	63	233
2	100000	50	0	653	57	223
2	110000	1	130	165	20	19
2	110000	2	60	221	22	25
2	110000	3	34	241	25	24
2	110000	4	18	266	18	21
2	110000	5	10	258	20	30
2	110000	6	10	250	22	31
2	110000	7	8	256	18	27
2	110000	8	8	239	20	34
2	110000	9	4	233	16	37
2	110000	10	4	228	20	36
2	110000	11	1	230	23	30
2	110000	12	3	219	18	37
2	110000	13	1	221	10	39
2	110000	14	0	203	13	40
2	110000	15	6	198	12	35
2	110000	16	0	209	12	23
2	110000	17	1	209	7	27
2	110000	18	1	199	12	29
2	110000	19	0	196	10	30
2	110000	20	0	173	13	37
2	110000	21	0	176	10	37
2	110000	22	0	180	10	27
2	110000	23	1	163	10	33
2	110000	24	0	162	12	28
2	110000	25	0	156	12	32
2	110000	26	1	156	13	25
2	110000	27	0	155	14	25
2	110000	28	1	147	7	30
2	110000	29	0	148	7	29
2	110000	30	0	134	7	35
2	110000	31	0	132	9	36
2	110000	32	0	141	8	27
2	110000	33	0	134	7	28
2	110000	34	0	121	9	37
2	110000	35	0	122	4	37
2	110000	36	0	126	5	28
2	110000	37	0	111	11	31
2	110000	38	0	112	7	32
2	110000	39	0	118	3	27
2	110000	40	0	107	5	34
2	110000	41	0	111	7	27
2	110000	42	0	101	3	38
2	110000	43	0	114	4	21
2	110000	44	0	105	4	25
2	110000	45	0	93	7	31
2	110000	46	0	96	6	27
2	110000	47	0	92	8	28
2	110000	48	0	90	5	29
2	110000	49	0	98	4	23
2	110000	50	0	94	3	25
2	120000	1	633	362	74	56
2	120000	2	241	555	78	68
2	120000	3	94	632	93	66
2	120000	4	47	663	107	88
2	120000	5	44	675	127	99
2	120000	6	30	711	124	93
2	120000	7	19	697	117	127
2	120000	8	9	728	112	112
2	120000	9	6	738	110	122
2	120000	10	6	715	112	137
2	120000	11	4	683	116	139
2	120000	12	2	730	101	144
2	120000	13	3	709	93	142
2	120000	14	3	673	98	147
2	120000	15	1	654	96	161
2	120000	16	2	645	88	152
2	120000	17	4	627	77	163
2	120000	18	1	613	90	164
2	120000	19	1	628	78	153
2	120000	20	0	598	73	163
2	120000	21	1	593	65	156
2	120000	22	1	561	75	169
2	120000	23	1	568	70	167
2	120000	24	1	551	62	160
2	120000	25	1	541	81	146
2	120000	26	0	508	76	179
2	120000	27	0	525	65	156
2	120000	28	1	515	64	158
2	120000	29	0	504	64	156
2	120000	30	0	484	59	157
2	120000	31	0	492	60	155
2	120000	32	0	454	58	172
2	120000	33	0	456	63	162
2	120000	34	0	453	56	155
2	120000	35	0	433	47	168
2	120000	36	0	438	58	150
2	120000	37	0	431	61	150
2	120000	38	0	428	54	151
2	120000	39	0	419	42	153
2	120000	40	0	405	46	153
2	120000	41	0	406	56	148
2	120000	42	0	411	40	145
2	120000	43	0	404	42	140
2	120000	44	0	376	39	162
2	120000	45	0	377	45	145
2	120000	46	0	361	42	160
2	120000	47	0	371	46	137
2	120000	48	0	358	48	144
2	120000	49	0	353	30	163
2	120000	50	1	340	34	148
2	130000	1	784	365	15	27
2	130000	2	217	596	26	38
2	130000	3	83	788	28	25
2	130000	4	48	838	37	37
2	130000	5	35	866	36	42
2	130000	6	28	902	45	57
2	130000	7	23	932	40	54
2	130000	8	10	958	40	63
2	130000	9	17	933	54	57
2	130000	10	7	938	35	74
2	130000	11	6	954	40	76
2	130000	12	5	931	40	87
2	130000	13	6	921	51	85
2	130000	14	1	945	41	93
2	130000	15	1	926	48	112
2	130000	16	3	914	45	92
2	130000	17	2	887	47	101
2	130000	18	1	895	48	97
2	130000	19	2	895	46	114
2	130000	20	2	876	50	112
2	130000	21	2	893	51	100
2	130000	22	3	855	55	122
2	130000	23	1	847	52	113
2	130000	24	1	829	48	126
2	130000	25	0	821	52	125
2	130000	26	0	824	52	130
2	130000	27	1	808	44	135
2	130000	28	0	798	48	134
2	130000	29	0	770	43	134
2	130000	30	0	769	51	119
2	130000	31	0	774	53	133
2	130000	32	0	780	41	134
2	130000	33	0	746	46	123
2	130000	34	0	743	47	132
2	130000	35	0	727	32	148
2	130000	36	1	736	34	125
2	130000	37	0	714	42	130
2	130000	38	0	682	45	134
2	130000	39	0	689	33	133
2	130000	40	1	687	45	120
2	130000	41	0	678	31	136
2	130000	42	0	635	41	139
2	130000	43	0	642	34	146
2	130000	44	0	632	39	135
2	130000	45	0	624	26	151
2	130000	46	0	588	39	153
2	130000	47	0	591	40	157
2	130000	48	1	601	40	128
2	130000	49	0	596	44	126
2	130000	50	0	593	29	145
2	140000	1	453	630	17	42
2	140000	2	213	693	22	49
2	140000	3	105	787	29	53
2	140000	4	67	832	35	69
2	140000	5	48	900	34	46
2	140000	6	32	861	39	76
2	140000	7	27	876	42	67
2	140000	8	24	852	35	81
2	140000	9	11	857	37	90
2	140000	10	13	851	39	75
2	140000	11	14	832	35	94
2	140000	12	11	832	37	88
2	140000	13	10	777	32	109
2	140000	14	6	776	40	97
2	140000	15	4	740	33	106
2	140000	16	4	732	26	101
2	140000	17	5	722	28	98
2	140000	18	0	709	28	95
2	140000	19	5	677	29	103
2	140000	20	2	675	23	106
2	140000	21	2	630	29	107
2	140000	22	3	634	37	90
2	140000	23	0	631	18	98
2	140000	24	3	610	28	107
2	140000	25	0	595	25	96
2	140000	26	2	584	23	100
2	140000	27	1	563	26	93
2	140000	28	0	565	21	94
2	140000	29	0	542	32	99
2	140000	30	0	516	21	103
2	140000	31	0	493	26	110
2	140000	32	1	515	16	100
2	140000	33	2	492	22	96
2	140000	34	2	486	15	95
2	140000	35	1	449	26	92
2	140000	36	0	460	15	97
2	140000	37	0	443	16	100
2	140000	38	0	438	19	96
2	140000	39	0	398	26	107
2	140000	40	0	409	16	97
2	140000	41	0	411	26	85
2	140000	42	0	406	19	87
2	140000	43	0	382	17	96
2	140000	44	0	388	23	95
2	140000	45	0	391	12	85
2	140000	46	0	358	24	102
2	140000	47	0	365	15	92
2	140000	48	0	372	15	83
2	140000	49	0	341	19	98
2	140000	50	0	346	13	85
2	150000	1	894	438	28	23
2	150000	2	216	733	36	31
2	150000	3	121	789	57	38
2	150000	4	58	866	71	52
2	150000	5	45	901	82	60
2	150000	6	24	930	94	84
2	150000	7	14	959	76	80
2	150000	8	9	955	85	104
2	150000	9	10	947	87	108
2	150000	10	5	923	88	124
2	150000	11	6	946	96	108
2	150000	12	4	954	82	117
2	150000	13	2	912	94	121
2	150000	14	3	934	72	118
2	150000	15	3	910	81	128
2	150000	16	0	943	70	116
2	150000	17	3	859	85	156
2	150000	18	2	873	75	139
2	150000	19	0	847	77	137
2	150000	20	0	870	75	122
2	150000	21	2	831	75	137
2	150000	22	0	829	73	138
2	150000	23	1	819	66	143
2	150000	24	3	792	73	146
2	150000	25	0	759	76	158
2	150000	26	0	763	77	144
2	150000	27	0	759	73	142
2	150000	28	1	754	69	149
2	150000	29	0	734	68	165
2	150000	30	0	750	66	145
2	150000	31	1	733	62	138
2	150000	32	0	731	46	135
2	150000	33	0	688	58	162
2	150000	34	1	672	58	159
2	150000	35	0	706	59	133
2	150000	36	0	661	71	148
2	150000	37	0	659	61	147
2	150000	38	0	681	43	151
2	150000	39	1	658	52	152
2	150000	40	0	645	60	149
2	150000	41	0	622	52	167
2	150000	42	0	637	59	155
2	150000	43	0	626	49	150
2	150000	44	0	620	48	153
2	150000	45	0	604	44	159
2	150000	46	0	596	49	159
2	150000	47	0	592	44	149
2	150000	48	0	579	56	142
2	150000	49	0	569	42	153
2	150000	50	0	559	42	160
2	160000	1	431	152	3	9
2	160000	2	171	213	1	7
2	160000	3	93	333	6	17
2	160000	4	35	444	20	23
2	160000	5	25	508	27	32
2	160000	6	19	498	30	23
2	160000	7	18	515	27	47
2	160000	8	6	514	29	46
2	160000	9	8	534	40	63
2	160000	10	5	534	53	58
2	160000	11	1	553	45	66
2	160000	12	3	564	43	68
2	160000	13	2	556	53	98
2	160000	14	2	591	20	87
2	160000	15	2	562	42	90
2	160000	16	0	570	46	84
2	160000	17	0	567	46	99
2	160000	18	1	578	39	92
2	160000	19	0	551	42	110
2	160000	20	1	544	37	111
2	160000	21	1	546	44	107
2	160000	22	0	541	37	125
2	160000	23	1	521	48	124
2	160000	24	0	552	48	106
2	160000	25	0	541	34	112
2	160000	26	1	519	45	128
2	160000	27	0	504	45	135
2	160000	28	1	514	44	129
2	160000	29	1	503	32	134
2	160000	30	1	496	31	131
2	160000	31	1	500	53	117
2	160000	32	0	486	36	135
2	160000	33	0	493	29	139
2	160000	34	0	495	41	119
2	160000	35	0	494	38	124
2	160000	36	0	470	35	145
2	160000	37	0	479	33	136
2	160000	38	0	471	28	143
2	160000	39	0	450	44	135
2	160000	40	0	456	29	146
2	160000	41	0	429	30	170
2	160000	42	0	450	34	147
2	160000	43	0	434	46	140
2	160000	44	0	430	33	144
2	160000	45	0	446	36	133
2	160000	46	0	444	31	135
2	160000	47	0	421	38	150
2	160000	48	0	413	28	153
2	160000	49	0	416	37	146
2	160000	50	0	418	32	143
2	170000	1	510	684	64	32
2	170000	2	204	863	57	63
2	170000	3	123	956	73	54
2	170000	4	99	995	63	72
2	170000	5	62	1022	89	88
2	170000	6	51	1053	81	80
2	170000	7	46	1061	81	84
2	170000	8	44	1039	75	94
2	170000	9	29	1060	79	91
2	170000	10	23	1037	76	125
2	170000	11	26	1072	54	111
2	170000	12	25	1046	71	101
2	170000	13	12	1028	63	110
2	170000	14	12	1009	52	114
2	170000	15	6	1011	66	128
2	170000	16	10	983	51	125
2	170000	17	9	962	66	123
2	170000	18	5	969	62	151
2	170000	19	4	922	74	144
2	170000	20	3	924	62	159
2	170000	21	6	904	67	164
2	170000	22	7	911	56	154
2	170000	23	0	897	47	166
2	170000	24	3	890	50	155
2	170000	25	1	858	54	156
2	170000	26	2	852	47	169
2	170000	27	0	820	55	160
2	170000	28	1	830	53	153
2	170000	29	3	789	48	148
2	170000	30	0	809	41	144
2	170000	31	2	773	42	144
2	170000	32	5	744	43	161
2	170000	33	2	732	43	155
2	170000	34	2	741	45	138
2	170000	35	0	681	54	171
2	170000	36	0	675	39	161
2	170000	37	2	690	48	137
2	170000	38	0	645	36	166
2	170000	39	1	639	42	143
2	170000	40	0	596	40	164
2	170000	41	0	584	45	159
2	170000	42	0	611	31	146
2	170000	43	0	585	26	156
2	170000	44	0	556	35	148
2	170000	45	0	549	40	158
2	170000	46	0	535	47	143
2	170000	47	0	525	35	162
2	170000	48	0	519	34	153
2	170000	49	1	516	34	146
2	170000	50	0	496	41	146
2	180000	1	598	492	47	58
2	180000	2	200	698	56	63
2	180000	3	87	801	50	86
2	180000	4	44	873	47	91
2	180000	5	33	860	42	96
2	180000	6	32	859	47	83
2	180000	7	17	874	51	103
2	180000	8	22	876	50	101
2	180000	9	17	905	38	107
2	180000	10	13	871	42	126
2	180000	11	11	860	47	119
2	180000	12	9	860	48	117
2	180000	13	10	824	47	131
2	180000	14	5	838	44	135
2	180000	15	5	833	40	126
2	180000	16	5	811	45	147
2	180000	17	5	791	45	135
2	180000	18	3	775	46	148
2	180000	19	4	785	31	120
2	180000	20	6	727	52	130
2	180000	21	0	744	41	133
2	180000	22	4	731	28	126
2	180000	23	1	702	33	153
2	180000	24	0	689	43	141
2	180000	25	2	677	39	144
2	180000	26	2	673	40	128
2	180000	27	2	631	40	134
2	180000	28	3	632	44	138
2	180000	29	0	618	38	130
2	180000	30	0	575	45	149
2	180000	31	0	573	36	150
2	180000	32	1	567	41	133
2	180000	33	0	550	43	138
2	180000	34	0	553	29	128
2	180000	35	0	531	24	138
2	180000	36	0	525	34	122
2	180000	37	0	516	20	139
2	180000	38	1	472	28	146
2	180000	39	1	472	27	131
2	180000	40	0	445	43	141
2	180000	41	0	438	26	142
2	180000	42	2	437	20	136
2	180000	43	0	435	25	119
2	180000	44	0	425	25	124
2	180000	45	0	422	34	98
2	180000	46	0	401	34	117
2	180000	47	0	371	17	137
2	180000	48	0	389	28	110
2	180000	49	0	363	24	114
2	180000	50	0	366	19	102
2	190000	1	823	332	27	35
2	190000	2	239	599	49	47
2	190000	3	81	740	88	67
2	190000	4	37	832	90	76
2	190000	5	34	784	87	83
2	190000	6	21	810	91	103
2	190000	7	6	798	99	96
2	190000	8	8	816	80	98
2	190000	9	3	806	92	112
2	190000	10	3	761	101	117
2	190000	11	6	799	82	119
2	190000	12	4	755	93	133
2	190000	13	1	734	93	128
2	190000	14	3	741	91	132
2	190000	15	3	715	86	128
2	190000	16	2	742	71	139
2	190000	17	2	718	83	141
2	190000	18	3	700	77	155
2	190000	19	0	698	61	146
2	190000	20	2	663	83	151
2	190000	21	0	676	87	134
2	190000	22	0	684	74	131
2	190000	23	1	648	70	152
2	190000	24	0	650	58	153
2	190000	25	0	636	58	135
2	190000	26	1	631	63	158
2	190000	27	1	608	61	156
2	190000	28	0	610	66	142
2	190000	29	0	575	58	173
2	190000	30	0	558	68	168
2	190000	31	0	570	60	147
2	190000	32	0	572	52	146
2	190000	33	0	524	73	162
2	190000	34	0	525	55	159
2	190000	35	0	509	59	157
2	190000	36	0	520	53	161
2	190000	37	0	500	52	165
2	190000	38	0	499	49	154
2	190000	39	0	496	49	142
2	190000	40	1	470	54	148
2	190000	41	0	471	54	145
2	190000	42	0	436	63	150
2	190000	43	0	457	50	145
2	190000	44	0	441	69	140
2	190000	45	0	449	49	140
2	190000	46	0	425	62	149
2	190000	47	0	403	41	156
2	190000	48	0	405	52	140
2	190000	49	0	394	39	157
2	190000	50	0	377	57	146
2	200000	1	35	26	1	5
2	200000	2	1	48	5	7
2	200000	3	0	50	3	5
2	200000	4	0	48	4	2
2	200000	5	0	46	2	6
2	200000	6	0	44	4	4
2	200000	7	0	48	0	3
2	200000	8	0	38	4	3
2	200000	9	0	40	1	1
2	200000	10	0	38	1	2
2	200000	11	0	39	1	1
2	200000	12	0	38	1	2
2	200000	13	0	34	4	3
2	200000	14	0	35	3	1
2	200000	15	0	33	4	1
2	200000	16	0	34	2	2
2	200000	17	0	36	1	1
2	200000	18	0	33	3	1
2	200000	19	0	34	2	1
2	200000	20	0	32	3	2
2	200000	21	0	36	0	1
2	200000	22	0	33	1	2
2	200000	23	0	34	1	1
2	200000	24	0	34	2	0
2	200000	25	0	29	5	1
2	200000	26	0	31	5	0
2	200000	27	0	32	1	2
2	200000	28	0	32	2	2
2	200000	29	0	31	2	3
2	200000	30	0	28	5	2
2	200000	31	0	31	3	1
2	200000	32	0	35	1	0
2	200000	33	0	31	4	1
2	200000	34	0	33	2	1
2	200000	35	0	34	0	2
2	200000	36	0	32	1	2
2	200000	37	0	29	5	2
2	200000	38	0	32	0	4
2	200000	39	0	33	1	2
2	200000	40	0	34	1	1
2	200000	41	0	33	2	1
2	200000	42	0	33	3	0
2	200000	43	0	32	1	3
2	200000	44	0	31	3	2
2	200000	45	0	33	2	1
2	200000	46	0	32	4	0
2	200000	47	0	29	4	2
2	200000	48	0	30	1	5
2	200000	49	0	33	1	2
2	200000	50	0	30	2	3
2	210000	1	630	586	108	88
2	210000	2	200	728	132	105
2	210000	3	72	784	140	113
2	210000	4	39	795	121	127
2	210000	5	38	772	136	125
2	210000	6	26	764	100	137
2	210000	7	14	734	107	142
2	210000	8	13	714	84	144
2	210000	9	11	710	89	131
2	210000	10	10	688	82	117
2	210000	11	7	664	85	117
2	210000	12	6	636	62	120
2	210000	13	5	605	75	107
2	210000	14	1	565	69	137
2	210000	15	1	562	68	111
2	210000	16	2	524	55	127
2	210000	17	1	518	48	120
2	210000	18	0	475	58	120
2	210000	19	0	468	52	118
2	210000	20	0	442	50	117
2	210000	21	1	430	53	110
2	210000	22	1	407	51	109
2	210000	23	2	391	47	103
2	210000	24	1	397	38	89
2	210000	25	1	383	42	88
2	210000	26	1	347	42	99
2	210000	27	0	348	45	80
2	210000	28	0	323	35	87
2	210000	29	1	304	31	90
2	210000	30	0	304	34	80
2	210000	31	0	294	28	92
2	210000	32	0	281	28	94
2	210000	33	0	260	33	96
2	210000	34	0	260	36	84
2	210000	35	0	252	27	83
2	210000	36	0	258	32	63
2	210000	37	0	231	24	81
2	210000	38	0	235	23	73
2	210000	39	0	224	27	72
2	210000	40	2	220	24	60
2	210000	41	0	207	19	66
2	210000	42	0	205	26	50
2	210000	43	0	189	25	62
2	210000	44	0	191	20	61
2	210000	45	0	179	25	59
2	210000	46	0	179	20	48
2	210000	47	0	162	12	62
2	210000	48	0	178	13	44
2	210000	49	0	142	24	59
2	210000	50	0	145	17	57
2	220000	1	537	280	31	18
2	220000	2	117	505	42	34
2	220000	3	42	528	76	37
2	220000	4	24	550	73	43
2	220000	5	24	535	69	56
2	220000	6	10	567	64	55
2	220000	7	11	574	63	60
2	220000	8	6	544	67	87
2	220000	9	6	539	67	86
2	220000	10	4	546	58	90
2	220000	11	2	534	56	80
2	220000	12	2	538	49	87
2	220000	13	1	509	58	83
2	220000	14	2	499	49	98
2	220000	15	0	485	54	99
2	220000	16	1	467	62	112
2	220000	17	0	477	61	96
2	220000	18	0	453	59	103
2	220000	19	1	458	46	107
2	220000	20	1	439	57	115
2	220000	21	0	415	65	107
2	220000	22	0	421	49	104
2	220000	23	0	392	50	123
2	220000	24	0	398	60	115
2	220000	25	0	397	57	105
2	220000	26	0	390	44	108
2	220000	27	1	384	36	109
2	220000	28	0	366	36	123
2	220000	29	0	368	43	105
2	220000	30	1	360	46	104
2	220000	31	0	343	45	119
2	220000	32	0	329	47	119
2	220000	33	0	340	31	108
2	220000	34	0	335	34	103
2	220000	35	0	292	39	122
2	220000	36	0	298	42	117
2	220000	37	1	270	55	107
2	220000	38	0	291	37	102
2	220000	39	0	288	32	97
2	220000	40	0	271	57	94
2	220000	41	0	261	39	107
2	220000	42	0	271	37	100
2	220000	43	0	257	35	98
2	220000	44	0	251	38	98
2	220000	45	0	258	29	97
2	220000	46	0	257	26	94
2	220000	47	0	240	27	105
2	220000	48	0	237	30	102
2	220000	49	0	242	30	91
2	220000	50	0	222	29	108
2	230000	1	250	367	18	40
2	230000	2	66	441	33	39
2	230000	3	35	462	33	45
2	230000	4	31	454	32	52
2	230000	5	19	457	33	46
2	230000	6	11	446	28	49
2	230000	7	6	432	27	56
2	230000	8	4	423	36	53
2	230000	9	4	404	30	58
2	230000	10	2	409	30	67
2	230000	11	4	363	38	66
2	230000	12	2	366	29	60
2	230000	13	3	390	26	48
2	230000	14	1	350	27	65
2	230000	15	1	348	32	62
2	230000	16	1	322	32	62
2	230000	17	1	340	23	57
2	230000	18	2	314	25	66
2	230000	19	2	320	23	48
2	230000	20	1	279	28	79
2	230000	21	1	285	23	63
2	230000	22	0	281	20	69
2	230000	23	1	271	20	71
2	230000	24	1	274	16	59
2	230000	25	1	250	29	62
2	230000	26	0	234	22	73
2	230000	27	0	245	25	55
2	230000	28	0	216	25	69
2	230000	29	0	223	23	57
2	230000	30	0	215	29	44
2	230000	31	0	224	15	51
2	230000	32	1	184	25	68
2	230000	33	0	185	21	63
2	230000	34	0	197	18	52
2	230000	35	0	195	12	57
2	230000	36	0	197	18	39
2	230000	37	0	181	16	52
2	230000	38	0	182	11	46
2	230000	39	1	167	11	53
2	230000	40	0	159	18	51
2	230000	41	1	173	13	38
2	230000	42	0	157	20	43
2	230000	43	0	140	9	62
2	230000	44	0	146	12	44
2	230000	45	0	139	9	46
2	230000	46	0	139	9	41
2	230000	47	0	130	12	41
2	230000	48	0	114	13	50
2	230000	49	0	123	11	39
2	230000	50	0	116	14	36
2	240000	1	395	365	30	24
2	240000	2	128	526	43	34
2	240000	3	45	606	42	34
2	240000	4	37	629	45	41
2	240000	5	37	633	46	47
2	240000	6	20	624	48	58
2	240000	7	19	629	48	61
2	240000	8	15	611	43	73
2	240000	9	9	602	52	69
2	240000	10	7	627	40	58
2	240000	11	4	608	43	76
2	240000	12	7	612	50	65
2	240000	13	7	576	51	76
2	240000	14	2	566	40	87
2	240000	15	2	559	43	85
2	240000	16	3	545	30	83
2	240000	17	6	523	53	85
2	240000	18	4	516	44	75
2	240000	19	2	506	48	92
2	240000	20	0	519	44	72
2	240000	21	2	476	35	100
2	240000	22	1	473	42	84
2	240000	23	2	498	23	76
2	240000	24	1	445	35	97
2	240000	25	1	434	35	103
2	240000	26	0	452	23	88
2	240000	27	0	435	32	87
2	240000	28	1	412	28	101
2	240000	29	0	397	30	90
2	240000	30	1	397	22	81
2	240000	31	0	387	34	82
2	240000	32	0	374	32	82
2	240000	33	2	357	31	106
2	240000	34	0	373	32	82
2	240000	35	0	366	28	80
2	240000	36	0	345	30	85
2	240000	37	2	319	33	93
2	240000	38	0	326	20	84
2	240000	39	0	309	27	87
2	240000	40	0	292	25	96
2	240000	41	0	297	32	82
2	240000	42	0	295	17	81
2	240000	43	0	277	18	91
2	240000	44	0	289	21	73
2	240000	45	0	255	26	96
2	240000	46	0	266	21	84
2	240000	47	0	258	25	78
2	240000	48	0	251	20	83
2	240000	49	0	257	14	83
2	240000	50	0	254	22	73
2	250000	1	221	153	12	9
2	250000	2	69	235	24	7
2	250000	3	34	284	37	12
2	250000	4	19	301	39	21
2	250000	5	10	302	47	30
2	250000	6	8	318	33	28
2	250000	7	4	322	31	34
2	250000	8	2	323	27	33
2	250000	9	5	325	30	33
2	250000	10	2	317	27	36
2	250000	11	3	315	29	40
2	250000	12	3	285	33	51
2	250000	13	2	306	20	38
2	250000	14	2	297	26	38
2	250000	15	2	296	30	38
2	250000	16	0	301	16	47
2	250000	17	0	267	27	57
2	250000	18	1	286	19	42
2	250000	19	0	271	19	64
2	250000	20	1	269	26	52
2	250000	21	0	273	28	43
2	250000	22	1	247	23	60
2	250000	23	0	273	15	46
2	250000	24	0	259	22	50
2	250000	25	1	249	15	58
2	250000	26	1	252	15	51
2	250000	27	0	244	24	49
2	250000	28	0	253	15	51
2	250000	29	0	236	24	50
2	250000	30	0	230	20	54
2	250000	31	0	241	17	42
2	250000	32	0	225	12	56
2	250000	33	0	218	9	55
2	250000	34	0	216	26	47
2	250000	35	0	210	12	57
2	250000	36	0	212	13	50
2	250000	37	0	207	11	51
2	250000	38	0	206	17	46
2	250000	39	0	199	11	54
2	250000	40	0	204	13	43
2	250000	41	0	189	14	52
2	250000	42	0	200	12	40
2	250000	43	0	190	12	43
2	250000	44	0	187	13	48
2	250000	45	0	194	14	36
2	250000	46	0	171	15	50
2	250000	47	0	183	10	40
2	250000	48	0	166	7	45
2	250000	49	0	167	13	41
2	250000	50	0	171	11	38
2	260000	1	238	368	51	30
2	260000	2	71	440	56	48
2	260000	3	44	451	48	58
2	260000	4	32	439	60	60
2	260000	5	26	442	53	62
2	260000	6	13	415	53	66
2	260000	7	10	432	48	60
2	260000	8	4	386	57	76
2	260000	9	4	386	46	74
2	260000	10	6	368	45	66
2	260000	11	3	347	43	83
2	260000	12	1	328	52	75
2	260000	13	2	333	30	81
2	260000	14	7	311	32	85
2	260000	15	0	312	31	72
2	260000	16	5	304	25	64
2	260000	17	2	285	33	70
2	260000	18	2	264	27	70
2	260000	19	2	240	32	78
2	260000	20	0	234	30	72
2	260000	21	0	247	23	57
2	260000	22	1	235	17	66
2	260000	23	3	224	27	57
2	260000	24	0	208	24	72
2	260000	25	0	195	32	59
2	260000	26	0	197	15	69
2	260000	27	1	194	17	66
2	260000	28	0	199	19	52
2	260000	29	1	181	22	62
2	260000	30	2	179	13	60
2	260000	31	1	174	11	54
2	260000	32	0	156	16	57
2	260000	33	0	162	13	45
2	260000	34	0	144	11	53
2	260000	35	0	143	15	40
2	260000	36	0	134	10	48
2	260000	37	0	131	11	44
2	260000	38	0	134	10	33
2	260000	39	0	110	18	46
2	260000	40	0	116	9	44
2	260000	41	0	106	14	46
2	260000	42	0	115	9	37
2	260000	43	0	107	12	35
2	260000	44	0	98	10	46
2	260000	45	0	101	16	32
2	260000	46	0	100	9	33
2	260000	47	0	86	15	38
2	260000	48	0	91	8	34
2	260000	49	1	88	6	35
2	260000	50	0	79	7	38
2	270000	1	107	34	0	2
2	270000	2	4	97	3	3
2	270000	3	5	108	7	0
2	270000	4	3	85	19	3
2	270000	5	5	100	20	4
2	270000	6	2	108	13	6
2	270000	7	1	121	11	3
2	270000	8	2	109	16	7
2	270000	9	1	113	10	8
2	270000	10	0	119	9	7
2	270000	11	0	121	6	10
2	270000	12	0	108	11	9
2	270000	13	0	114	9	8
2	270000	14	1	109	11	7
2	270000	15	1	104	16	10
2	270000	16	1	100	9	18
2	270000	17	0	104	11	14
2	270000	18	1	107	10	9
2	270000	19	1	110	8	7
2	270000	20	0	110	10	6
2	270000	21	0	107	7	12
2	270000	22	1	105	5	14
2	270000	23	0	95	16	12
2	270000	24	0	99	10	12
2	270000	25	0	103	12	8
2	270000	26	0	93	12	13
2	270000	27	0	103	12	7
2	270000	28	0	95	6	18
2	270000	29	0	99	10	11
2	270000	30	0	106	2	15
2	270000	31	0	97	9	13
2	270000	32	0	96	12	13
2	270000	33	0	93	13	15
2	270000	34	0	91	10	16
2	270000	35	0	104	6	6
2	270000	36	0	92	11	11
2	270000	37	0	89	8	19
2	270000	38	0	91	8	16
2	270000	39	0	97	7	11
2	270000	40	0	93	6	17
2	270000	41	0	93	9	12
2	270000	42	0	92	7	12
2	270000	43	0	79	11	22
2	270000	44	0	85	10	18
2	270000	45	0	93	3	13
2	270000	46	0	88	7	15
2	270000	47	0	86	8	15
2	270000	48	0	88	4	17
2	270000	49	0	87	7	15
2	270000	50	0	82	8	18
2	280000	1	130	105	16	2
2	280000	2	28	174	12	7
2	280000	3	16	209	17	12
2	280000	4	9	213	17	7
2	280000	5	7	213	20	16
2	280000	6	9	229	12	10
2	280000	7	8	234	9	11
2	280000	8	6	225	13	15
2	280000	9	2	218	17	20
2	280000	10	4	214	17	17
2	280000	11	0	227	8	17
2	280000	12	1	224	8	22
2	280000	13	1	228	9	16
2	280000	14	2	217	9	20
2	280000	15	1	218	8	22
2	280000	16	2	216	1	31
2	280000	17	1	211	13	17
2	280000	18	0	209	10	23
2	280000	19	1	201	7	34
2	280000	20	0	204	8	31
2	280000	21	0	204	9	23
2	280000	22	2	193	11	23
2	280000	23	1	192	9	28
2	280000	24	0	193	6	23
2	280000	25	0	185	11	27
2	280000	26	1	178	10	32
2	280000	27	0	185	5	31
2	280000	28	0	169	16	36
2	280000	29	0	177	9	30
2	280000	30	0	160	11	39
2	280000	31	0	177	6	22
2	280000	32	0	156	8	40
2	280000	33	0	155	8	34
2	280000	34	0	157	9	28
2	280000	35	1	156	10	30
2	280000	36	0	161	3	31
2	280000	37	0	142	10	37
2	280000	38	0	158	7	27
2	280000	39	0	148	11	31
2	280000	40	0	146	9	32
2	280000	41	1	154	6	21
2	280000	42	0	126	3	42
2	280000	43	0	145	10	20
2	280000	44	0	126	10	37
2	280000	45	0	123	7	38
2	280000	46	0	130	4	28
2	280000	47	0	118	13	31
2	280000	48	1	129	5	27
2	280000	49	0	123	4	33
2	280000	50	0	120	4	33
2	290000	1	459	116	11	3
2	290000	2	115	253	21	7
2	290000	3	31	340	30	13
2	290000	4	29	407	34	13
2	290000	5	17	449	27	9
2	290000	6	7	426	39	26
2	290000	7	1	453	37	16
2	290000	8	3	463	36	29
2	290000	9	4	454	50	34
2	290000	10	0	445	48	46
2	290000	11	0	461	43	38
2	290000	12	3	465	36	42
2	290000	13	2	472	28	43
2	290000	14	0	480	36	50
2	290000	15	1	461	44	59
2	290000	16	0	467	28	60
2	290000	17	0	473	33	56
2	290000	18	0	471	29	54
2	290000	19	1	427	31	84
2	290000	20	0	439	36	65
2	290000	21	0	447	39	72
2	290000	22	0	456	37	65
2	290000	23	0	442	32	65
2	290000	24	0	442	32	68
2	290000	25	0	418	43	73
2	290000	26	0	414	36	81
2	290000	27	0	407	46	82
2	290000	28	0	424	25	74
2	290000	29	0	388	35	90
2	290000	30	0	406	37	74
2	290000	31	0	400	29	81
2	290000	32	0	406	24	72
2	290000	33	0	396	31	72
2	290000	34	0	379	35	79
2	290000	35	0	389	23	82
2	290000	36	0	361	24	94
2	290000	37	0	367	27	77
2	290000	38	0	363	27	80
2	290000	39	0	353	37	77
2	290000	40	0	326	39	90
2	290000	41	0	329	25	99
2	290000	42	0	316	31	84
2	290000	43	0	304	28	97
2	290000	44	0	322	18	96
2	290000	45	0	305	33	91
2	290000	46	0	307	29	81
2	290000	47	0	283	36	89
2	290000	48	0	285	31	94
2	290000	49	0	292	25	92
2	290000	50	0	289	26	83
2	300000	1	904	667	149	79
2	300000	2	285	878	196	125
2	300000	3	113	1020	205	148
2	300000	4	67	1041	211	146
2	300000	5	51	1071	174	158
2	300000	6	27	1067	169	180
2	300000	7	26	1067	147	185
2	300000	8	26	1022	143	208
2	300000	9	15	1041	122	200
2	300000	10	10	971	132	195
2	300000	11	4	969	135	192
2	300000	12	11	906	137	204
2	300000	13	6	934	96	188
2	300000	14	6	884	95	214
2	300000	15	4	875	90	214
2	300000	16	8	833	102	201
2	300000	17	1	816	78	193
2	300000	18	2	775	89	206
2	300000	19	3	765	67	194
2	300000	20	2	727	66	215
2	300000	21	2	731	62	203
2	300000	22	3	690	74	194
2	300000	23	3	651	86	202
2	300000	24	2	671	73	165
2	300000	25	1	621	68	197
2	300000	26	1	610	67	175
2	300000	27	3	591	75	179
2	300000	28	1	571	58	177
2	300000	29	0	546	62	175
2	300000	30	0	528	52	182
2	300000	31	1	531	47	168
2	300000	32	1	502	48	166
2	300000	33	1	466	57	161
2	300000	34	0	466	53	153
2	300000	35	1	449	51	156
2	300000	36	0	449	33	136
2	300000	37	0	417	55	134
2	300000	38	0	401	47	147
2	300000	39	0	395	37	133
2	300000	40	0	383	31	138
2	300000	41	0	371	44	128
2	300000	42	0	364	33	131
2	300000	43	0	344	32	137
2	300000	44	0	324	40	129
2	300000	45	0	324	28	134
2	300000	46	0	322	29	120
2	300000	47	1	297	34	128
2	300000	48	0	299	31	108
2	300000	49	0	306	20	101
2	300000	50	0	300	27	98
3	100000	1	608	1289	531	416
3	100000	2	304	1292	437	423
3	100000	3	171	1241	380	397
3	100000	4	116	1221	281	383
3	100000	5	91	1236	222	370
3	100000	6	52	1146	208	363
3	100000	7	29	1123	156	315
3	100000	8	24	1015	157	329
3	100000	9	26	990	148	299
3	100000	10	17	893	126	290
3	100000	11	22	853	109	298
3	100000	12	10	807	88	259
3	100000	13	12	752	92	255
3	100000	14	14	673	88	253
3	100000	15	6	613	68	248
3	100000	16	6	601	67	204
3	100000	17	1	582	52	213
3	100000	18	5	534	45	184
3	100000	19	3	506	44	165
3	100000	20	2	451	55	193
3	100000	21	1	426	41	168
3	100000	22	1	398	58	142
3	100000	23	0	350	48	168
3	100000	24	2	345	44	143
3	100000	25	3	317	34	142
3	100000	26	1	279	38	138
3	100000	27	1	283	23	122
3	100000	28	0	285	30	105
3	100000	29	0	257	33	96
3	100000	30	1	231	26	96
3	100000	31	1	228	17	89
3	100000	32	0	213	24	83
3	100000	33	1	184	20	89
3	100000	34	0	172	22	89
3	100000	35	2	175	12	76
3	100000	36	0	163	15	71
3	100000	37	0	146	14	73
3	100000	38	0	147	17	58
3	100000	39	0	131	17	69
3	100000	40	0	124	14	68
3	100000	41	0	127	13	53
3	100000	42	0	120	6	53
3	100000	43	0	108	13	47
3	100000	44	1	93	15	55
3	100000	45	0	97	16	43
3	100000	46	0	97	15	35
3	100000	47	0	85	7	46
3	100000	48	0	83	8	45
3	100000	49	1	88	9	35
3	100000	50	0	84	7	35
3	110000	1	53	299	52	46
3	110000	2	34	296	28	53
3	110000	3	20	261	34	49
3	110000	4	12	255	23	47
3	110000	5	6	244	18	40
3	110000	6	4	238	14	30
3	110000	7	4	196	15	40
3	110000	8	7	180	15	32
3	110000	9	4	167	11	32
3	110000	10	3	165	7	28
3	110000	11	4	137	9	32
3	110000	12	5	126	8	32
3	110000	13	0	130	9	21
3	110000	14	1	112	6	34
3	110000	15	2	113	6	21
3	110000	16	1	99	3	27
3	110000	17	0	97	3	20
3	110000	18	0	75	8	25
3	110000	19	1	78	8	19
3	110000	20	0	74	4	20
3	110000	21	0	66	4	20
3	110000	22	0	53	3	25
3	110000	23	0	54	5	18
3	110000	24	0	47	4	27
3	110000	25	0	59	2	12
3	110000	26	0	44	4	18
3	110000	27	0	47	1	18
3	110000	28	0	43	0	13
3	110000	29	0	37	6	12
3	110000	30	0	42	3	8
3	110000	31	1	35	1	12
3	110000	32	1	30	3	13
3	110000	33	0	34	3	8
3	110000	34	0	34	2	5
3	110000	35	0	30	1	11
3	110000	36	0	28	1	12
3	110000	37	0	33	1	5
3	110000	38	0	30	1	7
3	110000	39	0	32	1	3
3	110000	40	0	24	2	8
3	110000	41	0	25	1	9
3	110000	42	0	19	3	8
3	110000	43	0	25	0	4
3	110000	44	0	18	2	4
3	110000	45	0	14	1	7
3	110000	46	0	19	0	2
3	110000	47	0	12	4	3
3	110000	48	0	12	1	6
3	110000	49	0	14	1	4
3	110000	50	0	13	1	5
3	120000	1	403	574	214	156
3	120000	2	166	604	203	176
3	120000	3	92	660	195	144
3	120000	4	63	648	158	145
3	120000	5	33	651	134	165
3	120000	6	31	599	126	180
3	120000	7	17	579	112	182
3	120000	8	15	578	100	150
3	120000	9	16	510	99	178
3	120000	10	6	499	71	164
3	120000	11	6	478	68	170
3	120000	12	2	432	76	161
3	120000	13	5	418	65	152
3	120000	14	3	380	71	145
3	120000	15	2	370	49	161
3	120000	16	3	344	52	144
3	120000	17	2	332	48	131
3	120000	18	0	324	42	136
3	120000	19	3	307	42	126
3	120000	20	0	279	47	111
3	120000	21	2	265	28	120
3	120000	22	1	246	27	114
3	120000	23	1	235	34	105
3	120000	24	1	209	32	118
3	120000	25	1	208	28	103
3	120000	26	2	206	25	91
3	120000	27	1	191	22	98
3	120000	28	1	172	23	93
3	120000	29	0	165	22	89
3	120000	30	1	147	19	90
3	120000	31	1	145	26	76
3	120000	32	0	132	27	78
3	120000	33	1	141	15	63
3	120000	34	1	132	14	66
3	120000	35	0	121	16	67
3	120000	36	0	112	18	66
3	120000	37	0	113	14	52
3	120000	38	0	99	12	61
3	120000	39	0	86	19	66
3	120000	40	0	91	12	58
3	120000	41	0	99	7	53
3	120000	42	0	96	13	43
3	120000	43	0	86	14	46
3	120000	44	0	75	14	50
3	120000	45	0	79	8	43
3	120000	46	0	70	7	48
3	120000	47	0	71	6	47
3	120000	48	0	74	7	42
3	120000	49	0	63	7	48
3	120000	50	0	72	7	35
3	130000	1	676	794	116	113
3	130000	2	236	980	151	112
3	130000	3	134	1055	136	148
3	130000	4	92	1130	117	146
3	130000	5	51	1162	91	144
3	130000	6	40	1125	99	140
3	130000	7	40	1114	80	160
3	130000	8	27	1073	88	179
3	130000	9	26	1013	90	170
3	130000	10	14	1025	74	175
3	130000	11	15	970	73	176
3	130000	12	13	923	60	177
3	130000	13	3	885	70	182
3	130000	14	8	850	67	172
3	130000	15	11	789	65	199
3	130000	16	4	800	53	171
3	130000	17	5	744	59	166
3	130000	18	6	712	53	166
3	130000	19	3	694	37	157
3	130000	20	2	666	44	161
3	130000	21	3	610	55	176
3	130000	22	2	579	50	169
3	130000	23	0	560	47	158
3	130000	24	1	554	36	157
3	130000	25	0	500	37	173
3	130000	26	1	496	34	152
3	130000	27	0	473	41	141
3	130000	28	1	443	29	162
3	130000	29	0	427	46	129
3	130000	30	1	405	35	144
3	130000	31	0	393	37	133
3	130000	32	0	388	30	131
3	130000	33	0	355	27	140
3	130000	34	0	337	28	130
3	130000	35	0	322	24	137
3	130000	36	1	322	22	120
3	130000	37	0	297	22	126
3	130000	38	0	284	22	116
3	130000	39	0	272	23	114
3	130000	40	0	267	17	115
3	130000	41	0	251	19	107
3	130000	42	1	230	19	112
3	130000	43	0	235	17	106
3	130000	44	0	237	17	89
3	130000	45	0	226	12	88
3	130000	46	0	187	25	102
3	130000	47	0	188	15	95
3	130000	48	0	180	13	92
3	130000	49	0	178	18	83
3	130000	50	0	174	15	84
3	140000	1	268	797	68	114
3	140000	2	121	785	54	103
3	140000	3	85	788	56	119
3	140000	4	41	789	49	104
3	140000	5	35	734	46	94
3	140000	6	27	680	43	114
3	140000	7	22	635	52	99
3	140000	8	20	581	39	108
3	140000	9	14	528	42	104
3	140000	10	12	509	38	96
3	140000	11	6	486	30	98
3	140000	12	12	452	29	91
3	140000	13	9	413	34	102
3	140000	14	3	385	34	92
3	140000	15	3	356	22	91
3	140000	16	3	332	22	100
3	140000	17	5	279	24	110
3	140000	18	1	289	18	90
3	140000	19	1	293	19	62
3	140000	20	2	257	22	73
3	140000	21	1	240	13	78
3	140000	22	0	232	19	72
3	140000	23	1	225	16	65
3	140000	24	2	215	14	62
3	140000	25	0	201	17	62
3	140000	26	0	195	16	65
3	140000	27	0	181	15	70
3	140000	28	1	184	14	62
3	140000	29	0	172	13	71
3	140000	30	1	166	8	67
3	140000	31	0	160	11	66
3	140000	32	0	166	13	50
3	140000	33	0	147	6	68
3	140000	34	0	135	12	67
3	140000	35	0	136	10	59
3	140000	36	0	119	8	71
3	140000	37	1	118	14	59
3	140000	38	0	121	7	58
3	140000	39	0	110	12	57
3	140000	40	1	111	11	52
3	140000	41	0	108	15	40
3	140000	42	0	112	9	39
3	140000	43	0	107	10	38
3	140000	44	0	98	10	42
3	140000	45	0	99	2	47
3	140000	46	0	93	10	41
3	140000	47	0	80	5	51
3	140000	48	0	88	10	38
3	140000	49	0	81	16	40
3	140000	50	0	83	3	43
3	150000	1	808	803	147	161
3	150000	2	275	973	160	152
3	150000	3	154	1056	187	155
3	150000	4	64	1126	190	159
3	150000	5	53	1119	157	182
3	150000	6	47	1123	142	167
3	150000	7	36	1102	155	172
3	150000	8	16	1090	144	157
3	150000	9	18	1067	125	173
3	150000	10	15	1047	110	171
3	150000	11	10	1017	98	186
3	150000	12	13	989	108	182
3	150000	13	9	958	86	195
3	150000	14	4	964	84	167
3	150000	15	4	911	87	181
3	150000	16	2	894	74	177
3	150000	17	6	838	82	195
3	150000	18	5	800	87	191
3	150000	19	2	795	75	178
3	150000	20	3	770	71	185
3	150000	21	2	748	55	185
3	150000	22	1	727	63	192
3	150000	23	3	724	50	175
3	150000	24	4	730	46	152
3	150000	25	3	670	50	163
3	150000	26	0	641	56	173
3	150000	27	0	616	57	169
3	150000	28	1	630	35	169
3	150000	29	1	567	59	162
3	150000	30	1	562	41	154
3	150000	31	1	537	40	155
3	150000	32	1	511	42	162
3	150000	33	0	502	43	147
3	150000	34	2	476	31	157
3	150000	35	0	452	33	163
3	150000	36	0	437	39	157
3	150000	37	0	425	39	141
3	150000	38	0	421	41	118
3	150000	39	0	412	37	121
3	150000	40	0	371	43	143
3	150000	41	1	389	24	141
3	150000	42	0	362	35	142
3	150000	43	0	370	24	121
3	150000	44	1	346	22	137
3	150000	45	0	332	27	135
3	150000	46	0	319	26	131
3	150000	47	0	310	25	121
3	150000	48	0	310	19	120
3	150000	49	0	281	25	127
3	150000	50	0	294	22	108
3	160000	1	471	313	34	44
3	160000	2	254	415	39	66
3	160000	3	132	548	59	86
3	160000	4	69	664	50	91
3	160000	5	49	717	58	122
3	160000	6	42	744	61	108
3	160000	7	23	748	68	134
3	160000	8	19	773	70	143
3	160000	9	11	737	79	156
3	160000	10	8	764	62	175
3	160000	11	11	718	63	185
3	160000	12	6	711	59	162
3	160000	13	6	699	57	166
3	160000	14	3	681	53	167
3	160000	15	5	621	56	207
3	160000	16	7	629	46	198
3	160000	17	3	596	46	210
3	160000	18	5	587	53	186
3	160000	19	3	551	63	186
3	160000	20	3	505	53	212
3	160000	21	2	510	55	190
3	160000	22	0	500	42	196
3	160000	23	1	499	55	184
3	160000	24	3	470	47	194
3	160000	25	0	433	57	200
3	160000	26	2	448	48	188
3	160000	27	0	429	42	194
3	160000	28	0	413	39	196
3	160000	29	0	385	42	195
3	160000	30	0	368	41	188
3	160000	31	0	353	37	194
3	160000	32	0	333	45	189
3	160000	33	0	326	39	186
3	160000	34	0	304	44	186
3	160000	35	0	318	43	162
3	160000	36	0	312	30	164
3	160000	37	0	310	40	146
3	160000	38	0	279	31	170
3	160000	39	0	266	36	178
3	160000	40	0	264	37	158
3	160000	41	1	271	33	150
3	160000	42	0	247	28	171
3	160000	43	0	251	29	151
3	160000	44	0	222	28	168
3	160000	45	0	225	28	147
3	160000	46	0	223	26	148
3	160000	47	0	207	37	143
3	160000	48	0	178	36	155
3	160000	49	0	181	28	148
3	160000	50	0	192	26	137
3	170000	1	311	1030	254	188
3	170000	2	174	1111	222	201
3	170000	3	110	1088	190	213
3	170000	4	64	1119	168	209
3	170000	5	59	1095	150	184
3	170000	6	48	1029	134	212
3	170000	7	31	995	121	206
3	170000	8	27	966	107	201
3	170000	9	22	927	96	227
3	170000	10	13	882	98	184
3	170000	11	13	823	102	195
3	170000	12	14	771	93	213
3	170000	13	12	753	83	177
3	170000	14	5	685	71	198
3	170000	15	5	657	73	203
3	170000	16	7	624	63	187
3	170000	17	3	580	60	166
3	170000	18	6	571	47	159
3	170000	19	4	523	51	155
3	170000	20	4	501	55	153
3	170000	21	3	469	48	138
3	170000	22	4	445	38	133
3	170000	23	2	427	43	114
3	170000	24	3	383	45	122
3	170000	25	0	363	39	118
3	170000	26	3	340	31	109
3	170000	27	2	296	37	103
3	170000	28	2	290	22	107
3	170000	29	1	260	25	96
3	170000	30	2	240	22	103
3	170000	31	0	225	25	94
3	170000	32	2	223	16	88
3	170000	33	0	222	16	76
3	170000	34	0	191	20	88
3	170000	35	0	194	20	69
3	170000	36	1	180	9	78
3	170000	37	1	174	16	63
3	170000	38	1	148	14	72
3	170000	39	0	142	14	69
3	170000	40	0	138	16	59
3	170000	41	0	123	12	61
3	170000	42	0	108	10	67
3	170000	43	0	112	9	58
3	170000	44	0	100	15	47
3	170000	45	0	102	6	50
3	170000	46	0	94	11	47
3	170000	47	0	92	7	51
3	170000	48	0	90	15	36
3	170000	49	1	83	5	43
3	170000	50	0	78	6	41
3	180000	1	292	891	189	198
3	180000	2	177	984	118	213
3	180000	3	79	1013	98	228
3	180000	4	66	946	105	201
3	180000	5	31	912	79	218
3	180000	6	42	864	69	213
3	180000	7	34	788	75	191
3	180000	8	22	725	65	192
3	180000	9	10	695	59	156
3	180000	10	9	605	63	175
3	180000	11	12	562	45	157
3	180000	12	8	529	51	141
3	180000	13	9	483	35	135
3	180000	14	3	449	34	130
3	180000	15	6	409	27	124
3	180000	16	1	370	41	110
3	180000	17	2	332	37	109
3	180000	18	3	303	30	110
3	180000	19	3	275	21	110
3	180000	20	2	258	23	96
3	180000	21	2	248	20	86
3	180000	22	0	223	25	82
3	180000	23	2	233	19	61
3	180000	24	1	200	20	74
3	180000	25	1	198	12	71
3	180000	26	0	175	12	65
3	180000	27	0	155	15	61
3	180000	28	0	157	12	50
3	180000	29	0	142	12	54
3	180000	30	1	131	10	56
3	180000	31	1	124	7	54
3	180000	32	0	109	8	51
3	180000	33	0	103	11	41
3	180000	34	1	89	5	53
3	180000	35	0	86	11	45
3	180000	36	0	83	10	37
3	180000	37	0	77	7	39
3	180000	38	0	76	3	36
3	180000	39	0	67	11	32
3	180000	40	0	62	3	39
3	180000	41	0	63	6	34
3	180000	42	0	60	5	33
3	180000	43	0	58	4	32
3	180000	44	0	49	6	32
3	180000	45	0	50	5	30
3	180000	46	0	56	4	21
3	180000	47	0	44	4	25
3	180000	48	0	40	6	25
3	180000	49	0	38	7	24
3	180000	50	0	41	7	17
3	190000	1	839	510	163	113
3	190000	2	271	739	210	167
3	190000	3	121	873	222	171
3	190000	4	62	940	183	181
3	190000	5	53	913	171	192
3	190000	6	27	900	159	208
3	190000	7	26	874	135	198
3	190000	8	21	859	121	228
3	190000	9	11	839	121	193
3	190000	10	8	795	114	219
3	190000	11	13	724	106	212
3	190000	12	5	699	93	210
3	190000	13	4	693	91	202
3	190000	14	4	630	92	204
3	190000	15	7	598	81	203
3	190000	16	5	584	65	209
3	190000	17	2	538	75	198
3	190000	18	3	512	79	196
3	190000	19	4	507	62	173
3	190000	20	3	464	53	199
3	190000	21	2	438	52	189
3	190000	22	0	430	50	175
3	190000	23	0	417	33	189
3	190000	24	0	389	44	168
3	190000	25	0	379	46	162
3	190000	26	0	360	37	157
3	190000	27	0	339	31	148
3	190000	28	1	300	41	159
3	190000	29	1	288	55	148
3	190000	30	0	281	30	152
3	190000	31	0	283	36	134
3	190000	32	0	260	39	136
3	190000	33	0	250	32	144
3	190000	34	0	226	26	158
3	190000	35	0	228	33	129
3	190000	36	0	209	29	135
3	190000	37	0	201	32	119
3	190000	38	0	196	29	104
3	190000	39	0	193	20	113
3	190000	40	0	177	25	113
3	190000	41	0	181	21	103
3	190000	42	0	163	26	99
3	190000	43	0	133	28	114
3	190000	44	0	147	20	99
3	190000	45	0	140	25	93
3	190000	46	0	129	18	99
3	190000	47	0	133	18	88
3	190000	48	0	121	14	93
3	190000	49	0	113	10	95
3	190000	50	0	104	16	92
3	200000	1	56	18	5	14
3	200000	2	6	22	19	6
3	200000	3	0	37	12	8
3	200000	4	1	45	12	3
3	200000	5	0	46	6	9
3	200000	6	0	48	6	4
3	200000	7	0	50	9	4
3	200000	8	0	46	3	8
3	200000	9	0	49	8	4
3	200000	10	0	49	4	7
3	200000	11	0	52	8	3
3	200000	12	0	52	5	7
3	200000	13	0	47	5	11
3	200000	14	0	56	1	6
3	200000	15	0	49	7	7
3	200000	16	0	47	3	11
3	200000	17	0	52	2	9
3	200000	18	0	48	2	13
3	200000	19	0	44	6	11
3	200000	20	0	49	2	12
3	200000	21	0	54	3	5
3	200000	22	0	45	3	15
3	200000	23	0	46	4	13
3	200000	24	0	44	5	12
3	200000	25	0	45	5	12
3	200000	26	0	44	3	16
3	200000	27	0	47	5	11
3	200000	28	0	43	6	14
3	200000	29	0	48	3	12
3	200000	30	0	48	3	12
3	200000	31	0	45	5	12
3	200000	32	0	43	3	17
3	200000	33	0	46	1	15
3	200000	34	0	44	4	15
3	200000	35	0	47	5	11
3	200000	36	0	47	3	13
3	200000	37	0	39	3	20
3	200000	38	0	43	1	19
3	200000	39	0	41	4	18
3	200000	40	0	40	5	17
3	200000	41	0	43	4	16
3	200000	42	0	48	2	12
3	200000	43	0	46	2	15
3	200000	44	0	43	4	14
3	200000	45	0	49	2	12
3	200000	46	0	41	2	20
3	200000	47	0	42	3	18
3	200000	48	0	39	5	19
3	200000	49	0	40	2	21
3	200000	50	0	41	2	20
3	210000	1	280	721	310	229
3	210000	2	129	707	234	233
3	210000	3	69	649	214	216
3	210000	4	51	550	170	184
3	210000	5	28	502	118	171
3	210000	6	14	466	100	157
3	210000	7	17	390	101	148
3	210000	8	10	360	83	118
3	210000	9	7	338	63	120
3	210000	10	1	292	52	118
3	210000	11	6	263	42	115
3	210000	12	2	237	39	100
3	210000	13	3	198	36	99
3	210000	14	2	188	31	89
3	210000	15	1	155	33	89
3	210000	16	3	150	21	78
3	210000	17	1	139	23	74
3	210000	18	0	130	22	68
3	210000	19	2	116	27	54
3	210000	20	0	100	22	55
3	210000	21	1	92	15	53
3	210000	22	1	78	18	51
3	210000	23	0	85	15	37
3	210000	24	0	73	16	34
3	210000	25	0	63	15	33
3	210000	26	0	54	11	29
3	210000	27	0	51	10	26
3	210000	28	0	43	7	31
3	210000	29	0	39	10	25
3	210000	30	0	32	10	23
3	210000	31	0	33	10	17
3	210000	32	0	31	6	21
3	210000	33	0	33	6	14
3	210000	34	0	29	4	14
3	210000	35	0	20	5	15
3	210000	36	0	26	4	8
3	210000	37	0	19	8	7
3	210000	38	0	17	1	11
3	210000	39	0	14	5	9
3	210000	40	0	16	2	8
3	210000	41	0	11	1	13
3	210000	42	0	14	2	9
3	210000	43	0	13	2	6
3	210000	44	0	11	4	6
3	210000	45	0	10	3	6
3	210000	46	0	8	4	7
3	210000	47	0	11	2	5
3	210000	48	0	9	2	6
3	210000	49	0	7	5	3
3	210000	50	0	6	2	4
3	220000	1	361	519	187	83
3	220000	2	184	610	183	96
3	220000	3	84	626	156	129
3	220000	4	56	629	146	148
3	220000	5	49	621	116	133
3	220000	6	22	607	116	151
3	220000	7	18	560	104	161
3	220000	8	9	548	101	159
3	220000	9	13	509	65	179
3	220000	10	8	491	74	159
3	220000	11	5	446	73	152
3	220000	12	7	405	66	158
3	220000	13	9	371	75	145
3	220000	14	3	358	51	135
3	220000	15	1	346	45	129
3	220000	16	2	324	47	129
3	220000	17	2	290	41	134
3	220000	18	2	256	42	130
3	220000	19	1	263	40	110
3	220000	20	1	249	40	98
3	220000	21	1	222	30	113
3	220000	22	2	189	28	119
3	220000	23	0	205	22	90
3	220000	24	1	174	28	95
3	220000	25	1	171	27	90
3	220000	26	0	157	25	92
3	220000	27	1	154	19	94
3	220000	28	1	158	25	66
3	220000	29	0	146	26	70
3	220000	30	0	138	18	68
3	220000	31	1	104	22	75
3	220000	32	1	108	19	67
3	220000	33	0	104	24	60
3	220000	34	0	101	15	58
3	220000	35	0	93	16	57
3	220000	36	0	81	14	56
3	220000	37	0	82	17	47
3	220000	38	1	88	8	40
3	220000	39	0	73	16	39
3	220000	40	0	69	12	41
3	220000	41	0	72	13	26
3	220000	42	0	62	10	36
3	220000	43	0	56	7	40
3	220000	44	0	51	15	32
3	220000	45	0	56	10	26
3	220000	46	0	43	10	32
3	220000	47	0	43	8	29
3	220000	48	0	38	9	29
3	220000	49	0	38	8	27
3	220000	50	0	37	4	27
3	230000	1	188	412	93	92
3	230000	2	59	440	107	100
3	230000	3	34	441	80	96
3	230000	4	21	401	81	99
3	230000	5	21	378	50	109
3	230000	6	8	385	58	77
3	230000	7	11	318	54	92
3	230000	8	7	314	39	89
3	230000	9	8	304	30	73
3	230000	10	6	248	38	91
3	230000	11	4	232	37	79
3	230000	12	2	221	23	74
3	230000	13	0	201	36	68
3	230000	14	2	193	23	69
3	230000	15	4	180	19	57
3	230000	16	0	151	21	64
3	230000	17	1	144	23	47
3	230000	18	1	133	17	51
3	230000	19	0	119	11	54
3	230000	20	0	110	18	39
3	230000	21	0	96	11	47
3	230000	22	0	94	11	42
3	230000	23	0	91	14	33
3	230000	24	0	81	9	30
3	230000	25	0	74	13	30
3	230000	26	0	63	5	36
3	230000	27	0	58	7	33
3	230000	28	0	56	9	25
3	230000	29	0	53	3	28
3	230000	30	0	54	4	20
3	230000	31	0	51	6	17
3	230000	32	0	39	8	18
3	230000	33	0	34	7	18
3	230000	34	0	33	3	18
3	230000	35	0	30	5	16
3	230000	36	0	27	4	15
3	230000	37	0	24	5	15
3	230000	38	0	22	4	12
3	230000	39	0	23	3	8
3	230000	40	0	23	2	7
3	230000	41	0	21	3	7
3	230000	42	0	20	3	5
3	230000	43	0	13	4	10
3	230000	44	0	15	0	11
3	230000	45	0	15	3	7
3	230000	46	0	11	4	8
3	230000	47	0	16	3	3
3	230000	48	0	14	1	6
3	230000	49	0	11	3	5
3	230000	50	0	9	4	4
3	240000	1	254	601	138	103
3	240000	2	132	644	139	95
3	240000	3	77	661	111	92
3	240000	4	42	673	86	95
3	240000	5	26	642	83	106
3	240000	6	17	596	84	93
3	240000	7	14	564	72	105
3	240000	8	10	539	67	104
3	240000	9	4	538	63	100
3	240000	10	7	487	58	110
3	240000	11	5	464	52	110
3	240000	12	8	430	35	122
3	240000	13	6	387	52	112
3	240000	14	1	381	47	103
3	240000	15	3	370	29	111
3	240000	16	4	332	44	110
3	240000	17	1	324	32	108
3	240000	18	1	319	32	93
3	240000	19	2	289	31	96
3	240000	20	1	272	26	94
3	240000	21	6	254	31	90
3	240000	22	2	256	21	80
3	240000	23	1	229	23	85
3	240000	24	1	208	20	76
3	240000	25	1	202	23	62
3	240000	26	0	163	18	84
3	240000	27	0	167	12	74
3	240000	28	1	152	12	62
3	240000	29	0	135	12	64
3	240000	30	0	123	11	63
3	240000	31	0	111	14	67
3	240000	32	0	121	10	56
3	240000	33	0	122	8	45
3	240000	34	0	111	7	53
3	240000	35	0	93	11	52
3	240000	36	0	95	11	39
3	240000	37	0	94	6	41
3	240000	38	2	87	8	34
3	240000	39	0	78	11	30
3	240000	40	0	68	7	34
3	240000	41	0	68	3	31
3	240000	42	0	64	4	30
3	240000	43	0	60	6	25
3	240000	44	0	64	8	18
3	240000	45	0	42	6	34
3	240000	46	0	44	4	30
3	240000	47	0	50	0	18
3	240000	48	0	32	4	29
3	240000	49	0	44	4	17
3	240000	50	0	32	2	25
3	250000	1	135	309	80	48
3	250000	2	81	341	80	58
3	250000	3	32	361	70	63
3	250000	4	11	355	71	64
3	250000	5	14	338	56	52
3	250000	6	12	317	47	56
3	250000	7	3	291	49	76
3	250000	8	11	275	42	62
3	250000	9	11	262	29	61
3	250000	10	8	247	25	70
3	250000	11	4	236	31	58
3	250000	12	1	211	30	69
3	250000	13	0	194	20	73
3	250000	14	3	203	21	46
3	250000	15	1	168	19	55
3	250000	16	0	183	15	38
3	250000	17	1	157	15	46
3	250000	18	2	154	11	49
3	250000	19	1	147	8	40
3	250000	20	1	134	8	36
3	250000	21	0	116	9	38
3	250000	22	0	113	8	37
3	250000	23	0	106	5	32
3	250000	24	0	96	5	35
3	250000	25	0	85	7	40
3	250000	26	0	96	6	24
3	250000	27	0	75	8	30
3	250000	28	0	73	2	26
3	250000	29	0	63	4	26
3	250000	30	1	62	7	19
3	250000	31	0	51	2	33
3	250000	32	0	56	2	23
3	250000	33	0	48	4	22
3	250000	34	0	51	1	16
3	250000	35	0	46	4	14
3	250000	36	0	47	3	10
3	250000	37	0	44	1	15
3	250000	38	0	45	3	9
3	250000	39	0	38	0	16
3	250000	40	0	33	3	14
3	250000	41	0	32	3	12
3	250000	42	0	29	3	11
3	250000	43	0	28	0	12
3	250000	44	0	29	3	8
3	250000	45	1	29	1	7
3	250000	46	0	27	1	8
3	250000	47	0	24	0	12
3	250000	48	0	22	0	12
3	250000	49	0	22	0	10
3	250000	50	0	23	1	5
3	260000	1	57	393	105	75
3	260000	2	34	358	79	81
3	260000	3	16	313	54	69
3	260000	4	17	251	47	82
3	260000	5	13	211	47	66
3	260000	6	8	191	37	65
3	260000	7	4	158	38	62
3	260000	8	3	146	38	50
3	260000	9	5	144	26	46
3	260000	10	1	138	23	32
3	260000	11	1	122	17	35
3	260000	12	2	101	13	32
3	260000	13	2	84	12	36
3	260000	14	1	74	11	37
3	260000	15	0	65	16	31
3	260000	16	0	66	11	29
3	260000	17	0	67	7	24
3	260000	18	0	48	7	31
3	260000	19	0	50	6	20
3	260000	20	1	48	6	17
3	260000	21	1	41	7	16
3	260000	22	0	39	6	17
3	260000	23	2	37	5	13
3	260000	24	2	25	5	16
3	260000	25	0	24	3	16
3	260000	26	0	22	5	12
3	260000	27	0	19	9	10
3	260000	28	1	21	4	10
3	260000	29	0	16	2	15
3	260000	30	0	16	1	11
3	260000	31	0	19	6	3
3	260000	32	0	18	3	6
3	260000	33	0	14	3	9
3	260000	34	0	13	1	7
3	260000	35	0	10	3	5
3	260000	36	0	10	1	5
3	260000	37	0	8	3	5
3	260000	38	0	11	2	2
3	260000	39	0	8	1	5
3	260000	40	0	6	1	6
3	260000	41	0	5	0	7
3	260000	42	0	5	2	5
3	260000	43	0	6	1	4
3	260000	44	0	5	2	4
3	260000	45	0	6	2	3
3	260000	46	0	6	1	3
3	260000	47	0	3	2	4
3	260000	48	0	5	0	4
3	260000	49	0	4	2	2
3	260000	50	0	2	3	3
3	270000	1	140	54	23	10
3	270000	2	29	110	30	6
3	270000	3	13	137	38	8
3	270000	4	3	138	40	11
3	270000	5	2	141	27	16
3	270000	6	3	134	29	19
3	270000	7	1	138	25	34
3	270000	8	0	136	27	29
3	270000	9	0	140	26	29
3	270000	10	1	141	19	29
3	270000	11	0	141	21	27
3	270000	12	0	149	12	29
3	270000	13	1	140	14	31
3	270000	14	0	144	11	31
3	270000	15	0	140	13	32
3	270000	16	0	133	12	33
3	270000	17	0	131	15	35
3	270000	18	1	132	15	33
3	270000	19	0	131	13	37
3	270000	20	0	123	16	39
3	270000	21	0	120	19	39
3	270000	22	0	120	12	42
3	270000	23	0	119	16	39
3	270000	24	1	120	10	41
3	270000	25	0	120	10	44
3	270000	26	0	106	14	49
3	270000	27	0	113	9	48
3	270000	28	0	116	9	43
3	270000	29	0	114	9	42
3	270000	30	0	106	16	38
3	270000	31	0	91	10	55
3	270000	32	0	93	11	45
3	270000	33	0	97	9	47
3	270000	34	0	94	8	45
3	270000	35	0	98	10	35
3	270000	36	0	93	12	38
3	270000	37	0	86	12	39
3	270000	38	0	89	6	38
3	270000	39	0	84	8	38
3	270000	40	0	87	8	34
3	270000	41	0	72	3	49
3	270000	42	0	77	8	39
3	270000	43	0	77	11	33
3	270000	44	0	75	10	36
3	270000	45	0	82	9	29
3	270000	46	0	72	3	41
3	270000	47	0	70	10	34
3	270000	48	0	72	7	34
3	270000	49	0	71	7	36
3	270000	50	0	68	3	41
3	280000	1	51	217	64	48
3	280000	2	27	265	38	50
3	280000	3	19	267	30	44
3	280000	4	12	265	15	46
3	280000	5	8	237	26	47
3	280000	6	5	225	24	46
3	280000	7	3	219	21	43
3	280000	8	4	209	17	39
3	280000	9	4	192	14	39
3	280000	10	2	176	12	37
3	280000	11	1	171	13	35
3	280000	12	0	153	19	38
3	280000	13	2	136	17	41
3	280000	14	1	138	9	38
3	280000	15	1	129	7	37
3	280000	16	0	116	8	40
3	280000	17	0	109	9	31
3	280000	18	1	99	11	33
3	280000	19	1	99	7	32
3	280000	20	0	99	3	27
3	280000	21	0	85	7	29
3	280000	22	0	82	9	24
3	280000	23	2	76	4	26
3	280000	24	0	68	1	31
3	280000	25	2	64	6	22
3	280000	26	1	66	3	17
3	280000	27	0	52	4	25
3	280000	28	0	52	6	20
3	280000	29	0	44	8	21
3	280000	30	0	50	2	17
3	280000	31	1	45	2	19
3	280000	32	0	40	3	22
3	280000	33	0	39	2	19
3	280000	34	0	41	1	13
3	280000	35	0	30	3	21
3	280000	36	0	31	7	13
3	280000	37	0	28	3	17
3	280000	38	0	33	2	11
3	280000	39	1	25	6	8
3	280000	40	0	24	2	12
3	280000	41	0	25	2	7
3	280000	42	0	22	1	8
3	280000	43	0	21	2	6
3	280000	44	0	17	1	11
3	280000	45	0	17	0	12
3	280000	46	0	19	0	7
3	280000	47	0	22	2	2
3	280000	48	0	15	1	9
3	280000	49	0	17	1	4
3	280000	50	0	12	1	8
3	290000	1	456	305	111	48
3	290000	2	173	423	126	63
3	290000	3	79	570	112	77
3	290000	4	53	603	110	90
3	290000	5	24	648	96	106
3	290000	6	29	665	76	102
3	290000	7	11	640	83	122
3	290000	8	11	632	74	133
3	290000	9	15	602	68	138
3	290000	10	8	604	58	126
3	290000	11	6	594	59	111
3	290000	12	7	528	62	145
3	290000	13	6	540	49	122
3	290000	14	6	508	42	136
3	290000	15	4	489	60	122
3	290000	16	1	459	39	135
3	290000	17	6	426	51	113
3	290000	18	1	418	40	118
3	290000	19	1	393	37	122
3	290000	20	1	375	31	112
3	290000	21	2	349	29	113
3	290000	22	1	326	36	106
3	290000	23	3	313	31	93
3	290000	24	0	289	28	100
3	290000	25	1	272	26	99
3	290000	26	2	263	23	101
3	290000	27	1	236	31	99
3	290000	28	0	229	25	87
3	290000	29	0	223	14	83
3	290000	30	0	202	26	78
3	290000	31	1	188	20	76
3	290000	32	0	178	16	73
3	290000	33	0	159	20	71
3	290000	34	0	162	15	60
3	290000	35	0	150	11	66
3	290000	36	0	141	8	68
3	290000	37	0	130	12	60
3	290000	38	0	123	12	59
3	290000	39	0	117	9	56
3	290000	40	0	104	12	51
3	290000	41	0	93	11	61
3	290000	42	0	96	8	52
3	290000	43	0	80	13	57
3	290000	44	0	87	12	45
3	290000	45	0	84	6	49
3	290000	46	0	83	10	37
3	290000	47	0	65	9	49
3	290000	48	0	67	8	39
3	290000	49	0	64	6	42
3	290000	50	0	59	6	42
3	300000	1	401	932	458	261
3	300000	2	212	980	401	315
3	300000	3	111	970	330	309
3	300000	4	75	971	248	269
3	300000	5	59	853	244	247
3	300000	6	32	809	178	269
3	300000	7	26	727	161	261
3	300000	8	18	690	129	236
3	300000	9	18	636	123	221
3	300000	10	10	538	103	240
3	300000	11	9	518	82	206
3	300000	12	6	469	71	192
3	300000	13	7	432	65	177
3	300000	14	5	379	52	172
3	300000	15	7	348	54	142
3	300000	16	7	330	44	124
3	300000	17	4	281	51	125
3	300000	18	2	239	35	137
3	300000	19	0	232	35	113
3	300000	20	0	227	29	87
3	300000	21	0	207	27	83
3	300000	22	3	196	31	74
3	300000	23	0	170	19	97
3	300000	24	1	168	12	82
3	300000	25	0	143	20	68
3	300000	26	0	137	23	54
3	300000	27	0	122	18	57
3	300000	28	0	121	17	49
3	300000	29	0	105	15	57
3	300000	30	0	111	15	48
3	300000	31	0	84	15	67
3	300000	32	1	106	5	42
3	300000	33	0	91	11	39
3	300000	34	0	77	7	48
3	300000	35	0	73	10	40
3	300000	36	0	65	8	44
3	300000	37	0	75	3	37
3	300000	38	0	64	17	27
3	300000	39	0	54	6	42
3	300000	40	0	58	4	34
3	300000	41	0	52	8	32
3	300000	42	0	47	10	34
3	300000	43	0	45	9	34
3	300000	44	0	43	7	33
3	300000	45	0	43	5	34
3	300000	46	0	44	4	29
3	300000	47	0	48	3	24
3	300000	48	0	38	6	31
3	300000	49	0	36	8	30
3	300000	50	0	39	4	27
4	100000	1	379	1966	918	900
4	100000	2	240	1660	629	740
4	100000	3	152	1422	400	670
4	100000	4	96	1171	268	571
4	100000	5	53	1025	210	498
4	100000	6	45	850	160	476
4	100000	7	26	753	126	404
4	100000	8	24	636	123	330
4	100000	9	19	538	75	300
4	100000	10	7	445	74	265
4	100000	11	9	380	60	237
4	100000	12	4	315	40	224
4	100000	13	3	269	42	183
4	100000	14	4	231	39	147
4	100000	15	3	196	32	143
4	100000	16	3	174	20	135
4	100000	17	1	167	28	99
4	100000	18	2	127	21	107
4	100000	19	1	106	17	89
4	100000	20	3	92	16	79
4	100000	21	0	80	7	80
4	100000	22	2	66	10	69
4	100000	23	0	69	14	50
4	100000	24	0	51	7	60
4	100000	25	0	39	7	54
4	100000	26	0	39	6	39
4	100000	27	1	36	8	33
4	100000	28	0	32	7	33
4	100000	29	0	35	6	25
4	100000	30	0	21	7	34
4	100000	31	0	20	3	34
4	100000	32	0	18	4	25
4	100000	33	0	17	6	19
4	100000	34	0	17	2	18
4	100000	35	0	11	3	20
4	100000	36	0	13	1	16
4	100000	37	0	13	0	15
4	100000	38	0	8	5	14
4	100000	39	1	9	2	15
4	100000	40	0	8	3	14
4	100000	41	0	7	0	15
4	100000	42	0	6	2	11
4	100000	43	0	4	3	9
4	100000	44	0	5	3	6
4	100000	45	0	7	0	7
4	100000	46	0	8	1	5
4	100000	47	0	7	0	6
4	100000	48	0	6	0	7
4	100000	49	0	7	2	3
4	100000	50	0	5	0	5
4	110000	1	25	479	85	145
4	110000	2	15	372	49	119
4	110000	3	9	272	39	88
4	110000	4	13	221	22	63
4	110000	5	4	192	18	50
4	110000	6	4	157	15	44
4	110000	7	5	129	9	31
4	110000	8	4	109	10	29
4	110000	9	4	87	4	30
4	110000	10	1	82	4	21
4	110000	11	0	73	10	16
4	110000	12	0	58	3	25
4	110000	13	0	45	4	22
4	110000	14	0	36	3	20
4	110000	15	0	36	2	17
4	110000	16	0	35	2	15
4	110000	17	0	27	3	15
4	110000	18	1	25	2	8
4	110000	19	0	23	1	9
4	110000	20	2	19	1	6
4	110000	21	0	20	0	3
4	110000	22	0	12	1	6
4	110000	23	0	11	1	3
4	110000	24	0	6	0	6
4	110000	25	0	6	0	6
4	110000	26	1	6	0	4
4	110000	27	0	7	0	4
4	110000	28	0	5	1	3
4	110000	29	0	2	0	5
4	110000	30	0	4	0	3
4	110000	31	0	4	0	2
4	110000	32	0	3	0	3
4	110000	33	0	3	1	1
4	110000	34	0	2	0	1
4	110000	35	0	1	0	1
4	110000	36	0	0	0	2
4	110000	37	0	1	0	0
4	110000	38	0	1	0	0
4	110000	39	0	1	0	0
4	110000	40	0	1	0	0
4	110000	41	0	0	0	1
4	110000	42	0	1	0	0
4	110000	43	0	1	0	0
4	110000	44	0	1	0	0
4	110000	45	0	0	0	1
4	110000	46	0	1	0	0
4	110000	47	0	1	0	0
4	110000	48	0	1	0	0
4	110000	49	0	1	0	0
4	110000	50	0	1	0	0
4	120000	1	392	905	444	364
4	120000	2	209	931	325	369
4	120000	3	108	851	250	346
4	120000	4	63	746	202	307
4	120000	5	51	664	165	281
4	120000	6	31	620	121	271
4	120000	7	24	553	108	245
4	120000	8	20	470	84	248
4	120000	9	9	419	87	221
4	120000	10	13	353	67	188
4	120000	11	6	319	55	187
4	120000	12	2	297	54	170
4	120000	13	4	254	40	162
4	120000	14	2	227	38	143
4	120000	15	5	207	23	137
4	120000	16	2	178	29	117
4	120000	17	1	154	27	104
4	120000	18	1	125	19	109
4	120000	19	2	122	28	85
4	120000	20	1	116	20	80
4	120000	21	1	100	14	85
4	120000	22	0	88	19	73
4	120000	23	1	79	12	72
4	120000	24	0	79	13	58
4	120000	25	0	68	11	55
4	120000	26	0	59	9	53
4	120000	27	1	56	9	49
4	120000	28	0	45	9	48
4	120000	29	0	44	6	45
4	120000	30	1	39	11	31
4	120000	31	0	33	8	36
4	120000	32	0	34	7	31
4	120000	33	0	29	3	31
4	120000	34	0	24	2	30
4	120000	35	0	24	5	22
4	120000	36	0	22	2	24
4	120000	37	0	16	4	22
4	120000	38	0	20	6	13
4	120000	39	0	15	3	21
4	120000	40	0	16	1	18
4	120000	41	0	19	0	15
4	120000	42	0	17	1	14
4	120000	43	0	18	1	11
4	120000	44	0	10	3	16
4	120000	45	0	13	1	14
4	120000	46	0	9	0	18
4	120000	47	0	8	4	13
4	120000	48	0	7	2	13
4	120000	49	0	7	2	12
4	120000	50	0	4	3	9
4	130000	1	529	2039	488	422
4	130000	2	313	2013	349	446
4	130000	3	206	1922	274	396
4	130000	4	125	1796	221	383
4	130000	5	81	1707	153	360
4	130000	6	71	1535	144	334
4	130000	7	60	1381	125	327
4	130000	8	28	1258	126	303
4	130000	9	38	1154	108	280
4	130000	10	28	1050	88	277
4	130000	11	19	957	69	264
4	130000	12	10	873	60	255
4	130000	13	15	798	64	227
4	130000	14	12	730	50	223
4	130000	15	9	652	43	214
4	130000	16	6	602	52	200
4	130000	17	3	562	32	206
4	130000	18	6	521	31	179
4	130000	19	6	485	24	167
4	130000	20	5	419	32	175
4	130000	21	1	400	25	155
4	130000	22	4	352	21	153
4	130000	23	3	334	28	125
4	130000	24	1	292	27	131
4	130000	25	1	271	21	128
4	130000	26	1	245	14	121
4	130000	27	0	241	16	97
4	130000	28	1	213	10	103
4	130000	29	0	210	9	85
4	130000	30	0	186	14	89
4	130000	31	1	172	8	83
4	130000	32	0	144	12	82
4	130000	33	2	148	8	68
4	130000	34	1	125	10	74
4	130000	35	0	112	10	69
4	130000	36	0	122	7	47
4	130000	37	0	94	13	53
4	130000	38	0	94	12	38
4	130000	39	0	80	7	49
4	130000	40	0	82	4	41
4	130000	41	0	68	6	35
4	130000	42	0	64	6	29
4	130000	43	0	48	4	36
4	130000	44	0	49	0	33
4	130000	45	1	43	3	30
4	130000	46	0	40	3	29
4	130000	47	1	44	1	20
4	130000	48	0	31	2	19
4	130000	49	0	21	5	20
4	130000	50	0	26	2	12
4	140000	1	296	1275	197	320
4	140000	2	136	1162	156	230
4	140000	3	68	1036	113	224
4	140000	4	61	902	90	196
4	140000	5	25	797	90	168
4	140000	6	30	689	66	180
4	140000	7	24	631	58	151
4	140000	8	13	587	55	135
4	140000	9	11	497	49	133
4	140000	10	12	452	50	122
4	140000	11	7	424	32	113
4	140000	12	5	368	42	107
4	140000	13	2	345	33	97
4	140000	14	7	300	25	94
4	140000	15	4	275	24	83
4	140000	16	2	250	19	90
4	140000	17	0	226	33	73
4	140000	18	0	217	20	80
4	140000	19	1	198	20	80
4	140000	20	1	187	16	80
4	140000	21	1	167	15	77
4	140000	22	2	156	16	76
4	140000	23	0	150	15	65
4	140000	24	0	128	8	77
4	140000	25	0	133	11	58
4	140000	26	1	112	11	62
4	140000	27	0	97	11	66
4	140000	28	0	107	7	47
4	140000	29	0	90	9	52
4	140000	30	0	84	10	44
4	140000	31	0	64	10	50
4	140000	32	1	74	4	39
4	140000	33	0	56	5	48
4	140000	34	0	65	4	33
4	140000	35	0	60	5	34
4	140000	36	0	55	4	34
4	140000	37	0	56	4	25
4	140000	38	1	42	6	31
4	140000	39	0	43	3	30
4	140000	40	0	40	3	32
4	140000	41	1	44	2	24
4	140000	42	0	38	4	27
4	140000	43	0	36	5	26
4	140000	44	0	35	4	25
4	140000	45	0	31	5	23
4	140000	46	0	24	4	26
4	140000	47	0	29	3	20
4	140000	48	0	27	4	18
4	140000	49	0	27	2	19
4	140000	50	0	21	3	23
4	150000	1	787	2019	601	484
4	150000	2	486	2087	467	456
4	150000	3	301	2072	391	462
4	150000	4	177	2019	348	465
4	150000	5	121	2019	260	458
4	150000	6	87	1862	244	410
4	150000	7	61	1735	239	437
4	150000	8	42	1642	169	452
4	150000	9	32	1572	181	385
4	150000	10	22	1475	143	412
4	150000	11	20	1378	135	392
4	150000	12	16	1282	136	370
4	150000	13	12	1212	110	363
4	150000	14	16	1070	105	374
4	150000	15	9	1063	90	341
4	150000	16	10	975	68	320
4	150000	17	9	892	71	311
4	150000	18	7	856	77	277
4	150000	19	4	784	80	278
4	150000	20	3	738	55	272
4	150000	21	3	693	53	246
4	150000	22	3	636	59	239
4	150000	23	2	579	54	241
4	150000	24	1	541	49	230
4	150000	25	2	507	45	204
4	150000	26	0	466	37	218
4	150000	27	1	451	40	200
4	150000	28	2	414	38	186
4	150000	29	2	390	33	181
4	150000	30	1	362	35	176
4	150000	31	0	365	43	135
4	150000	32	0	326	22	163
4	150000	33	0	308	28	152
4	150000	34	1	291	23	133
4	150000	35	2	263	23	136
4	150000	36	0	232	22	136
4	150000	37	0	237	19	114
4	150000	38	0	221	20	106
4	150000	39	0	216	11	105
4	150000	40	0	202	23	92
4	150000	41	0	193	10	104
4	150000	42	0	171	10	101
4	150000	43	1	160	21	83
4	150000	44	0	146	16	80
4	150000	45	1	131	11	80
4	150000	46	1	133	4	76
4	150000	47	0	124	10	69
4	150000	48	0	117	12	64
4	150000	49	0	111	9	63
4	150000	50	0	99	8	68
4	160000	1	665	1117	300	301
4	160000	2	459	1270	236	329
4	160000	3	256	1396	210	363
4	160000	4	203	1452	186	371
4	160000	5	103	1458	171	411
4	160000	6	95	1444	150	402
4	160000	7	66	1430	148	374
4	160000	8	44	1385	129	394
4	160000	9	39	1313	113	389
4	160000	10	34	1186	123	405
4	160000	11	28	1159	115	364
4	160000	12	19	1120	86	389
4	160000	13	30	1048	94	365
4	160000	14	20	987	83	374
4	160000	15	7	953	89	340
4	160000	16	10	864	71	371
4	160000	17	7	835	85	333
4	160000	18	6	751	85	324
4	160000	19	1	710	60	340
4	160000	20	5	686	55	318
4	160000	21	3	652	68	308
4	160000	22	0	620	61	293
4	160000	23	1	598	61	275
4	160000	24	2	543	63	271
4	160000	25	2	480	54	301
4	160000	26	1	487	60	261
4	160000	27	2	459	53	250
4	160000	28	0	427	45	264
4	160000	29	1	397	44	260
4	160000	30	1	386	49	222
4	160000	31	0	359	45	230
4	160000	32	0	350	38	224
4	160000	33	0	304	48	229
4	160000	34	2	295	36	217
4	160000	35	0	322	33	177
4	160000	36	0	262	32	210
4	160000	37	0	265	34	188
4	160000	38	0	245	37	186
4	160000	39	0	239	35	180
4	160000	40	0	228	29	172
4	160000	41	0	210	23	183
4	160000	42	0	200	33	159
4	160000	43	0	186	36	160
4	160000	44	1	183	21	158
4	160000	45	0	183	22	146
4	160000	46	0	156	30	152
4	160000	47	0	152	26	142
4	160000	48	0	149	20	141
4	160000	49	1	146	20	137
4	160000	50	0	137	15	142
4	170000	1	244	1654	501	542
4	170000	2	163	1545	414	514
4	170000	3	123	1423	294	489
4	170000	4	61	1285	250	440
4	170000	5	35	1132	202	398
4	170000	6	29	1003	157	386
4	170000	7	29	839	145	341
4	170000	8	20	758	120	296
4	170000	9	13	654	95	281
4	170000	10	7	590	76	259
4	170000	11	10	502	77	242
4	170000	12	10	480	61	191
4	170000	13	6	394	52	194
4	170000	14	5	334	48	166
4	170000	15	4	307	40	134
4	170000	16	5	244	36	139
4	170000	17	2	228	31	122
4	170000	18	4	208	25	105
4	170000	19	1	168	21	106
4	170000	20	3	151	14	96
4	170000	21	2	144	12	73
4	170000	22	1	120	6	80
4	170000	23	1	108	10	70
4	170000	24	1	101	10	62
4	170000	25	1	91	12	56
4	170000	26	1	84	3	60
4	170000	27	0	84	6	44
4	170000	28	2	63	4	54
4	170000	29	1	56	3	49
4	170000	30	0	55	6	40
4	170000	31	0	54	7	31
4	170000	32	0	43	7	32
4	170000	33	1	41	3	29
4	170000	34	1	32	6	25
4	170000	35	0	26	1	27
4	170000	36	0	24	2	23
4	170000	37	0	22	6	22
4	170000	38	0	24	1	18
4	170000	39	0	26	1	13
4	170000	40	0	15	0	21
4	170000	41	0	14	2	18
4	170000	42	0	12	3	15
4	170000	43	0	12	3	11
4	170000	44	0	8	1	15
4	170000	45	0	12	1	9
4	170000	46	0	10	1	10
4	170000	47	0	11	2	7
4	170000	48	0	7	1	7
4	170000	49	0	7	1	5
4	170000	50	0	9	0	4
4	180000	1	216	1673	386	528
4	180000	2	156	1420	276	443
4	180000	3	80	1226	209	387
4	180000	4	56	1009	161	347
4	180000	5	46	892	113	323
4	180000	6	33	752	90	272
4	180000	7	21	650	82	240
4	180000	8	24	533	65	237
4	180000	9	16	481	56	186
4	180000	10	12	386	51	194
4	180000	11	9	360	33	164
4	180000	12	7	309	33	152
4	180000	13	2	271	27	146
4	180000	14	5	247	26	119
4	180000	15	5	212	20	122
4	180000	16	0	186	22	113
4	180000	17	0	169	17	97
4	180000	18	0	141	17	79
4	180000	19	0	122	15	85
4	180000	20	1	104	23	75
4	180000	21	1	102	9	71
4	180000	22	0	98	11	59
4	180000	23	2	86	12	49
4	180000	24	2	73	6	60
4	180000	25	0	75	4	52
4	180000	26	0	69	5	48
4	180000	27	1	63	7	43
4	180000	28	0	51	7	45
4	180000	29	1	58	5	35
4	180000	30	0	51	7	37
4	180000	31	0	48	4	35
4	180000	32	0	40	5	36
4	180000	33	0	37	4	33
4	180000	34	0	31	8	27
4	180000	35	0	31	5	22
4	180000	36	0	24	4	24
4	180000	37	0	18	2	24
4	180000	38	1	22	0	18
4	180000	39	0	16	3	19
4	180000	40	0	15	2	18
4	180000	41	0	10	4	16
4	180000	42	0	13	3	10
4	180000	43	0	12	0	13
4	180000	44	0	9	0	13
4	180000	45	0	8	2	11
4	180000	46	0	11	1	9
4	180000	47	0	6	2	10
4	180000	48	0	9	1	7
4	180000	49	0	7	2	7
4	180000	50	0	6	1	8
4	190000	1	844	1265	537	399
4	190000	2	494	1470	430	444
4	190000	3	236	1511	390	457
4	190000	4	120	1487	321	439
4	190000	5	102	1367	240	468
4	190000	6	66	1293	234	406
4	190000	7	37	1162	184	419
4	190000	8	25	1091	157	368
4	190000	9	22	942	158	372
4	190000	10	23	858	133	347
4	190000	11	19	749	126	340
4	190000	12	10	696	98	331
4	190000	13	10	638	83	317
4	190000	14	5	553	102	289
4	190000	15	3	507	85	279
4	190000	16	2	463	76	258
4	190000	17	2	419	59	259
4	190000	18	1	384	62	235
4	190000	19	4	338	46	219
4	190000	20	0	327	44	190
4	190000	21	0	286	49	182
4	190000	22	1	255	44	190
4	190000	23	1	240	26	181
4	190000	24	0	241	30	151
4	190000	25	0	194	37	152
4	190000	26	0	179	35	141
4	190000	27	0	147	39	138
4	190000	28	0	147	30	123
4	190000	29	0	145	22	119
4	190000	30	0	133	18	112
4	190000	31	0	106	18	114
4	190000	32	0	112	19	99
4	190000	33	1	96	19	95
4	190000	34	1	88	24	87
4	190000	35	0	87	18	81
4	190000	36	0	83	13	78
4	190000	37	0	78	20	67
4	190000	38	0	75	14	59
4	190000	39	0	51	12	64
4	190000	40	0	52	10	57
4	190000	41	0	48	12	51
4	190000	42	0	38	10	54
4	190000	43	1	38	12	42
4	190000	44	0	37	5	45
4	190000	45	0	30	11	37
4	190000	46	0	35	8	31
4	190000	47	0	27	8	32
4	190000	48	0	25	7	34
4	190000	49	0	21	7	33
4	190000	50	0	20	3	32
4	200000	1	52	28	32	25
4	200000	2	78	44	29	33
4	200000	3	15	89	28	49
4	200000	4	12	125	21	47
4	200000	5	6	136	17	46
4	200000	6	7	137	17	47
4	200000	7	3	133	15	61
4	200000	8	2	133	14	57
4	200000	9	1	125	15	61
4	200000	10	2	139	15	47
4	200000	11	1	124	18	56
4	200000	12	1	128	15	55
4	200000	13	1	128	13	54
4	200000	14	2	112	13	63
4	200000	15	1	114	13	64
4	200000	16	2	113	14	63
4	200000	17	0	108	11	69
4	200000	18	0	111	8	66
4	200000	19	0	91	16	72
4	200000	20	1	107	6	66
4	200000	21	0	111	12	47
4	200000	22	0	94	11	65
4	200000	23	1	101	10	61
4	200000	24	1	96	9	61
4	200000	25	0	89	10	69
4	200000	26	0	90	15	58
4	200000	27	0	78	12	72
4	200000	28	0	79	7	75
4	200000	29	0	72	8	74
4	200000	30	0	75	12	66
4	200000	31	0	78	9	60
4	200000	32	0	79	7	60
4	200000	33	0	81	8	56
4	200000	34	0	68	10	59
4	200000	35	0	67	9	63
4	200000	36	0	64	6	67
4	200000	37	1	63	9	58
4	200000	38	0	59	5	65
4	200000	39	0	59	10	55
4	200000	40	0	49	7	63
4	200000	41	0	60	9	52
4	200000	42	1	59	6	50
4	200000	43	0	56	6	55
4	200000	44	0	52	6	55
4	200000	45	0	55	4	48
4	200000	46	0	61	10	33
4	200000	47	0	56	5	39
4	200000	48	0	47	7	44
4	200000	49	0	47	3	49
4	200000	50	0	37	5	55
4	210000	1	218	928	511	413
4	210000	2	121	743	323	389
4	210000	3	79	649	232	298
4	210000	4	31	498	162	300
4	210000	5	25	417	131	228
4	210000	6	24	336	84	198
4	210000	7	9	278	77	166
4	210000	8	4	231	65	151
4	210000	9	2	197	47	136
4	210000	10	4	172	41	100
4	210000	11	6	130	29	97
4	210000	12	4	119	23	83
4	210000	13	2	86	24	72
4	210000	14	4	76	16	62
4	210000	15	1	58	24	56
4	210000	16	1	57	15	42
4	210000	17	1	44	9	40
4	210000	18	1	32	9	32
4	210000	19	0	27	9	27
4	210000	20	0	22	8	26
4	210000	21	0	15	9	28
4	210000	22	0	20	8	21
4	210000	23	0	22	6	20
4	210000	24	0	19	4	22
4	210000	25	0	11	8	16
4	210000	26	0	10	6	14
4	210000	27	0	8	6	12
4	210000	28	0	4	6	10
4	210000	29	0	10	2	6
4	210000	30	0	2	2	12
4	210000	31	0	5	1	9
4	210000	32	0	2	4	8
4	210000	33	0	5	2	7
4	210000	34	0	2	2	7
4	210000	35	0	3	4	4
4	210000	36	0	3	3	4
4	210000	37	0	2	1	5
4	210000	38	0	2	1	5
4	210000	39	0	3	2	3
4	210000	40	0	2	2	4
4	210000	41	0	0	3	2
4	210000	42	0	2	1	2
4	210000	43	0	1	3	1
4	210000	44	0	0	2	2
4	210000	45	0	0	2	1
4	210000	46	0	0	1	1
4	210000	47	0	1	1	0
4	210000	48	0	0	1	1
4	210000	49	0	1	1	0
4	210000	50	0	0	1	1
4	220000	1	295	1073	392	330
4	220000	2	259	1083	327	323
4	220000	3	140	1003	237	327
4	220000	4	91	910	189	317
4	220000	5	60	788	154	310
4	220000	6	41	699	126	291
4	220000	7	27	606	101	265
4	220000	8	13	521	111	245
4	220000	9	11	473	66	220
4	220000	10	11	368	86	220
4	220000	11	15	332	64	182
4	220000	12	8	287	54	155
4	220000	13	6	239	39	146
4	220000	14	4	216	27	136
4	220000	15	5	164	40	124
4	220000	16	1	156	43	96
4	220000	17	3	130	28	101
4	220000	18	1	116	25	95
4	220000	19	1	105	27	71
4	220000	20	1	83	17	76
4	220000	21	1	84	17	61
4	220000	22	0	67	18	53
4	220000	23	0	66	13	42
4	220000	24	0	54	10	49
4	220000	25	0	46	14	47
4	220000	26	0	42	8	48
4	220000	27	0	41	10	36
4	220000	28	0	28	6	42
4	220000	29	1	27	3	39
4	220000	30	0	31	3	29
4	220000	31	0	23	4	31
4	220000	32	0	21	8	22
4	220000	33	1	26	3	18
4	220000	34	0	12	8	22
4	220000	35	0	13	8	17
4	220000	36	0	9	4	17
4	220000	37	0	13	3	12
4	220000	38	0	11	4	13
4	220000	39	0	14	1	11
4	220000	40	0	6	2	14
4	220000	41	0	7	7	8
4	220000	42	0	8	1	12
4	220000	43	0	6	3	9
4	220000	44	0	4	2	9
4	220000	45	0	7	1	7
4	220000	46	0	4	1	9
4	220000	47	0	3	4	5
4	220000	48	0	2	0	10
4	220000	49	0	5	2	5
4	220000	50	0	4	3	5
4	230000	1	152	716	182	235
4	230000	2	92	626	146	172
4	230000	3	42	542	112	179
4	230000	4	37	484	85	152
4	230000	5	29	381	71	133
4	230000	6	19	343	49	103
4	230000	7	16	267	44	107
4	230000	8	8	245	37	85
4	230000	9	6	212	35	62
4	230000	10	4	170	32	51
4	230000	11	5	134	21	51
4	230000	12	2	113	17	48
4	230000	13	2	105	12	35
4	230000	14	0	81	9	37
4	230000	15	4	63	10	31
4	230000	16	1	52	7	31
4	230000	17	0	41	6	29
4	230000	18	3	42	2	23
4	230000	19	0	31	0	25
4	230000	20	0	23	3	22
4	230000	21	0	23	5	12
4	230000	22	1	16	2	11
4	230000	23	0	15	3	8
4	230000	24	0	9	2	11
4	230000	25	1	10	0	4
4	230000	26	0	9	0	4
4	230000	27	0	7	0	4
4	230000	28	1	7	0	1
4	230000	29	0	3	1	3
4	230000	30	0	2	0	3
4	230000	31	0	2	0	2
4	230000	32	0	2	1	1
4	230000	33	0	1	0	2
4	230000	34	0	1	0	2
4	230000	35	0	1	0	1
4	230000	36	0	2	0	0
4	230000	37	0	1	0	0
4	230000	38	0	1	0	0
4	230000	39	0	1	0	0
4	230000	40	0	1	0	0
4	240000	1	176	1078	313	311
4	240000	2	152	1050	230	271
4	240000	3	73	942	189	277
4	240000	4	66	827	162	239
4	240000	5	38	753	119	244
4	240000	6	36	630	122	209
4	240000	7	20	562	94	230
4	240000	8	21	503	64	215
4	240000	9	5	448	64	198
4	240000	10	6	405	62	164
4	240000	11	9	336	51	149
4	240000	12	15	294	40	143
4	240000	13	4	240	44	147
4	240000	14	5	228	34	121
4	240000	15	3	193	32	113
4	240000	16	3	171	27	98
4	240000	17	3	145	18	98
4	240000	18	2	129	21	81
4	240000	19	2	109	19	76
4	240000	20	2	88	18	72
4	240000	21	1	77	9	68
4	240000	22	1	73	12	51
4	240000	23	1	66	7	49
4	240000	24	0	58	12	33
4	240000	25	2	46	12	33
4	240000	26	0	33	10	37
4	240000	27	0	27	11	34
4	240000	28	0	37	5	21
4	240000	29	0	25	4	28
4	240000	30	0	22	5	17
4	240000	31	0	14	3	18
4	240000	32	0	18	1	13
4	240000	33	1	15	3	10
4	240000	34	0	13	2	11
4	240000	35	0	6	3	12
4	240000	36	0	5	2	12
4	240000	37	0	9	0	8
4	240000	38	0	8	1	7
4	240000	39	0	6	2	5
4	240000	40	0	7	0	5
4	240000	41	0	4	0	7
4	240000	42	0	3	0	7
4	240000	43	0	1	1	6
4	240000	44	0	1	0	6
4	240000	45	0	1	0	5
4	240000	46	0	2	1	3
4	240000	47	0	2	0	3
4	240000	48	0	1	1	1
4	240000	49	0	0	0	2
4	240000	50	0	0	0	2
4	250000	1	84	588	163	160
4	250000	2	37	527	112	137
4	250000	3	23	434	82	150
4	250000	4	20	376	62	130
4	250000	5	12	305	48	108
4	250000	6	16	252	37	95
4	250000	7	9	210	29	85
4	250000	8	6	164	24	77
4	250000	9	1	149	23	61
4	250000	10	5	135	16	47
4	250000	11	1	113	10	51
4	250000	12	1	100	11	39
4	250000	13	3	84	7	32
4	250000	14	0	73	9	28
4	250000	15	0	72	2	24
4	250000	16	1	48	5	30
4	250000	17	1	41	7	29
4	250000	18	1	41	5	22
4	250000	19	0	39	3	18
4	250000	20	0	28	3	18
4	250000	21	0	22	1	20
4	250000	22	0	19	0	17
4	250000	23	0	11	2	20
4	250000	24	0	14	3	12
4	250000	25	0	8	2	11
4	250000	26	0	8	1	9
4	250000	27	0	8	1	7
4	250000	28	1	7	1	5
4	250000	29	0	4	0	9
4	250000	30	0	2	1	8
4	250000	31	0	5	2	3
4	250000	32	0	4	0	4
4	250000	33	0	3	1	4
4	250000	34	0	1	0	5
4	250000	35	0	1	0	4
4	250000	36	0	1	0	3
4	250000	37	0	1	2	1
4	250000	38	0	1	0	3
4	250000	39	0	2	1	1
4	250000	40	0	0	0	3
4	250000	41	0	2	0	1
4	250000	42	0	0	0	1
4	250000	43	0	1	0	0
4	250000	44	0	1	0	0
4	250000	45	0	1	0	0
4	260000	1	21	412	137	148
4	260000	2	12	289	100	127
4	260000	3	13	213	66	110
4	260000	4	4	176	46	92
4	260000	5	3	140	34	84
4	260000	6	8	125	31	62
4	260000	7	2	88	27	64
4	260000	8	2	76	18	54
4	260000	9	2	62	14	51
4	260000	10	1	47	11	47
4	260000	11	1	42	11	36
4	260000	12	1	41	7	25
4	260000	13	1	28	7	27
4	260000	14	1	23	2	28
4	260000	15	0	14	4	23
4	260000	16	0	15	4	16
4	260000	17	0	7	5	15
4	260000	18	0	8	3	14
4	260000	19	0	5	5	15
4	260000	20	0	3	2	16
4	260000	21	0	2	4	13
4	260000	22	0	3	2	11
4	260000	23	1	3	3	7
4	260000	24	0	5	1	7
4	260000	25	0	4	0	7
4	260000	26	0	4	1	5
4	260000	27	0	4	0	5
4	260000	28	0	2	0	5
4	260000	29	0	2	1	4
4	260000	30	0	0	0	7
4	260000	31	0	3	0	3
4	260000	32	0	0	1	4
4	260000	33	0	0	0	5
4	260000	34	0	0	1	4
4	260000	35	0	1	2	1
4	260000	36	0	1	0	3
4	260000	37	0	1	0	3
4	260000	38	0	0	0	3
4	260000	39	0	0	0	3
4	260000	40	0	0	1	1
4	260000	41	0	0	0	2
4	260000	42	0	0	0	2
4	260000	43	0	0	1	1
4	260000	44	0	0	0	1
4	260000	45	0	0	0	1
4	260000	46	0	1	0	0
4	260000	47	0	0	0	1
4	270000	1	131	176	92	56
4	270000	2	111	263	83	74
4	270000	3	45	311	73	97
4	270000	4	27	346	57	103
4	270000	5	22	336	61	96
4	270000	6	12	319	54	115
4	270000	7	6	311	47	110
4	270000	8	12	283	40	118
4	270000	9	4	285	37	115
4	270000	10	4	261	35	123
4	270000	11	3	241	37	105
4	270000	12	1	245	26	120
4	270000	13	3	240	25	98
4	270000	14	3	214	21	93
4	270000	15	0	202	25	99
4	270000	16	0	175	21	115
4	270000	17	2	163	21	111
4	270000	18	1	169	16	97
4	270000	19	0	152	21	95
4	270000	20	0	158	18	88
4	270000	21	2	137	13	99
4	270000	22	1	150	11	82
4	270000	23	0	117	15	94
4	270000	24	0	108	16	102
4	270000	25	1	104	18	91
4	270000	26	0	106	16	87
4	270000	27	0	107	9	84
4	270000	28	2	103	10	84
4	270000	29	0	97	12	90
4	270000	30	0	100	10	77
4	270000	31	0	91	11	80
4	270000	32	0	94	6	83
4	270000	33	0	100	11	72
4	270000	34	0	78	14	82
4	270000	35	0	93	12	64
4	270000	36	0	88	9	72
4	270000	37	1	68	8	80
4	270000	38	0	75	6	74
4	270000	39	1	77	7	63
4	270000	40	0	75	8	61
4	270000	41	0	67	7	66
4	270000	42	0	67	5	59
4	270000	43	0	55	7	66
4	270000	44	0	49	4	68
4	270000	45	0	52	6	61
4	270000	46	0	55	8	50
4	270000	47	0	61	3	46
4	270000	48	0	44	10	54
4	270000	49	0	50	5	50
4	270000	50	0	49	4	50
4	280000	1	31	491	110	134
4	280000	2	22	421	94	116
4	280000	3	10	344	62	102
4	280000	4	10	300	41	109
4	280000	5	7	252	28	107
4	280000	6	4	215	24	80
4	280000	7	6	175	23	72
4	280000	8	0	166	16	52
4	280000	9	3	144	18	51
4	280000	10	3	108	13	58
4	280000	11	2	99	11	40
4	280000	12	3	78	9	42
4	280000	13	3	75	9	36
4	280000	14	0	58	11	38
4	280000	15	1	44	8	31
4	280000	16	2	42	8	25
4	280000	17	0	35	6	23
4	280000	18	1	33	2	22
4	280000	19	0	32	3	19
4	280000	20	0	31	5	13
4	280000	21	0	25	2	15
4	280000	22	0	17	2	20
4	280000	23	0	16	1	19
4	280000	24	0	20	3	12
4	280000	25	1	14	3	13
4	280000	26	0	12	3	12
4	280000	27	0	8	1	15
4	280000	28	0	9	2	10
4	280000	29	0	7	1	9
4	280000	30	0	1	3	13
4	280000	31	0	3	0	11
4	280000	32	0	7	0	7
4	280000	33	0	5	0	7
4	280000	34	0	1	0	9
4	280000	35	0	3	1	5
4	280000	36	0	4	1	3
4	280000	37	0	2	0	6
4	280000	38	0	4	0	3
4	280000	39	0	1	0	6
4	280000	40	0	2	0	4
4	280000	41	0	2	0	3
4	280000	42	0	3	0	2
4	280000	43	0	2	1	2
4	280000	44	0	1	0	4
4	280000	45	0	3	0	2
4	280000	46	0	4	0	1
4	280000	47	0	1	1	3
4	280000	48	0	1	0	4
4	280000	49	0	1	0	4
4	280000	50	0	4	0	1
4	290000	1	480	1099	337	259
4	290000	2	335	1255	277	292
4	290000	3	185	1245	251	326
4	290000	4	108	1222	211	303
4	290000	5	63	1192	178	320
4	290000	6	47	1091	139	278
4	290000	7	30	980	117	274
4	290000	8	28	871	116	246
4	290000	9	27	784	91	240
4	290000	10	24	702	81	223
4	290000	11	14	632	82	202
4	290000	12	12	541	69	204
4	290000	13	7	496	67	175
4	290000	14	4	455	52	175
4	290000	15	7	430	36	165
4	290000	16	5	384	34	155
4	290000	17	5	341	38	145
4	290000	18	5	313	33	140
4	290000	19	4	284	25	139
4	290000	20	2	265	27	122
4	290000	21	2	242	22	116
4	290000	22	1	217	17	118
4	290000	23	2	188	22	107
4	290000	24	1	182	21	93
4	290000	25	2	167	20	87
4	290000	26	0	154	19	83
4	290000	27	2	138	10	80
4	290000	28	0	118	19	74
4	290000	29	0	126	12	68
4	290000	30	0	114	8	73
4	290000	31	0	86	9	82
4	290000	32	0	94	8	68
4	290000	33	0	73	11	70
4	290000	34	0	77	5	68
4	290000	35	0	65	9	61
4	290000	36	0	53	10	66
4	290000	37	0	62	9	52
4	290000	38	0	53	8	51
4	290000	39	0	48	4	53
4	290000	40	0	38	4	57
4	290000	41	0	41	7	47
4	290000	42	0	45	5	40
4	290000	43	0	36	7	42
4	290000	44	0	40	8	27
4	290000	45	0	36	2	31
4	290000	46	0	35	1	28
4	290000	47	0	26	0	37
4	290000	48	0	24	2	32
4	290000	49	0	26	4	25
4	290000	50	0	29	3	20
4	300000	1	263	1454	767	660
4	300000	2	172	1210	553	603
4	300000	3	95	996	373	537
4	300000	4	47	873	275	454
4	300000	5	43	665	197	389
4	300000	6	22	562	168	347
4	300000	7	21	454	135	299
4	300000	8	14	378	98	261
4	300000	9	5	330	83	216
4	300000	10	6	296	59	200
4	300000	11	10	233	47	162
4	300000	12	3	191	60	150
4	300000	13	4	170	41	138
4	300000	14	3	161	42	111
4	300000	15	3	136	26	115
4	300000	16	3	110	26	104
4	300000	17	3	104	21	86
4	300000	18	0	94	23	82
4	300000	19	1	99	16	75
4	300000	20	0	96	22	65
4	300000	21	1	75	16	72
4	300000	22	1	87	8	52
4	300000	23	1	60	19	57
4	300000	24	0	64	10	48
4	300000	25	0	53	13	47
4	300000	26	2	51	8	52
4	300000	27	0	48	9	52
4	300000	28	1	47	7	44
4	300000	29	0	45	8	35
4	300000	30	0	36	8	33
4	300000	31	0	23	7	41
4	300000	32	0	33	7	25
4	300000	33	1	27	6	26
4	300000	34	0	20	6	27
4	300000	35	0	26	5	17
4	300000	36	0	28	4	14
4	300000	37	0	19	6	17
4	300000	38	0	22	7	10
4	300000	39	0	17	3	18
4	300000	40	0	13	2	20
4	300000	41	0	15	3	16
4	300000	42	0	15	2	14
4	300000	43	0	15	4	12
4	300000	44	0	9	3	18
4	300000	45	0	11	1	16
4	300000	46	0	12	2	12
4	300000	47	0	7	7	10
4	300000	48	0	10	1	8
4	300000	49	0	8	0	6
4	300000	50	0	8	0	6
